0 138 38 233 186 61 41 83 61 117 62 2 20 69 84 32 194 125 59 68 22 70 4 47 33 89 42 1 131 49 120 28 53 31 74 52 180 27 77 128 6 60 1 63 56 27 107 60 62 3130 12 22 3145 48 25 44 8 5 2 12 21 17 136
138 0 3048 153 107 33 70 115 103 148 113 24 2 55 12 73 74 10 37 59 51 36 105 103 26 54 49 2 169 32 119 32 26 18 50 25 98 32 44 51 119 41 25 111 86 58 17 2 100 13 130 3165 9 10 24 59 125 65 23 180 87 3 52
38 3048 0 217 67 54 5 1 107 17 28 309 128 29 96 44 125 16 14 87 92 50 70 31 59 96 35 33 95 18 42 3158 13 364 11 79 2 11 42 1 71 29 29 54 56 54 28 50 70 120 22 2 160 91 48 86 83 83 14 16 65 19 18
233 153 217 0 98 89 28 3070 84 20 117 45 62 1 60 35 185 9 23 40 65 28 92 83 26 115 22 27 64 88 10 2 73 65 29 33 3055 69 125 40 15 48 96 23 9 81 57 76 3 11 76 23 20 74 24 9 222 28 66 169 9 31 150
186 107 67 98 0 82 126 8 86 28 166 16 6 3122 3112 23 33 93 69 38 149 82 67 172 29 55 13 65 111 20 53 57 61 108 16 12 52 28 12 57 24 22 25 11 79 80 28 21 29 143 44 130 3 149 72 22 6 25 25 40 56 178 103
61 33 54 89 82 0 50 11 11 53 127 44 54 82 88 28 65 179 75 95 6 47 55 43 59 36 20 22 37 34 112 1 51 95 3054 42 110 27 121 28 24 23 70 20 4 46 16 18 156 105 130 137 61 113 26 15 152 43 28 75 128 223 3106
41 70 5 28 126 50 0 120 74 44 4 44 94 37 59 130 97 145 55 1 86 64 3 5 33 38 71 146 52 24 101 4 27 17 30 112 37 27 73 27 124 3169 148 80 4 3158 142 37 9 44 26 183 34 50 30 29 137 80 10 53 127 79 46
83 115 1 3070 8 11 120 0 99 94 46 28 19 135 90 5 1 9 152 118 77 38 25 110 96 28 73 11 37 3079 150 29 10 188 128 82 3 101 133 59 70 205 29 21 13 23 20 4 85 1 63 31 90 85 3 96 8 137 24 28 33 103 167
61 103 107 84 86 11 74 99 0 124 51 128 47 50 3150 27 20 30 47 32 38 9 77 183 23 110 76 32 50 6 38 9 5 78 76 206 54 127 59 2 103 72 140 40 44 58 54 18 15 9 35 105 108 111 60 77 62 34 93 3086 25 10 52
117 148 17 20 28 53 44 94 124 0 23 3131 72 1 2 121 66 19 86 3 25 106 95 18 27 34 86 20 20 15 18 72 72 43 115 61 54 70 109 128 94 111 24 3123 20 106 138 127 40 147 11 62 107 92 6 5 44 25 46 151 149 11 4
62 113 28 117 166 127 4 46 51 23 0 92 124 146 200 135 129 6 58 67 93 56 58 40 13 120 3056 98 119 83 74 31 108 1 45 16 14 33 3124 144 5 4 49 29 9 10 9 59 91 7 25 29 77 53 39 88 10 194 39 98 36 3 17
2 24 309 45 16 44 44 28 128 3131 92 0 62 3091 3 79 64 38 89 115 61 52 99 20 118 3 14 107 42 5 24 70 180 18 39 29 232 58 45 115 74 23 55 62 59 25 9 107 77 23 233 11 28 80 1 95 41 9 15 34 66 33 105
20 2 128 62 6 54 94 19 47 72 124 62 0 58 11 151 21 3129 148 71 54 31 3102 93 140 50 28 138 18 55 41 66 59 21 52 61 63 16 25 52 37 10 37 108 123 30 51 89 55 150 45 59 69 151 12 120 23 41 12 47 81 177 29
69 55 29 1 3122 82 37 135 50 1 146 3091 58 0 53 37 45 51 23 28 87 14 56 71 145 32 174 17 36 19 114 27 129 65 88 104 53 62 60 86 37 59 47 87 154 221 72 30 25 9 42 1 27 34 44 5 107 59 128 21 34 49 156
84 12 96 60 3112 88 59 90 3150 2 200 3 11 53 0 119 11 85 17 4 17 85 61 169 11 14 13 137 81 134 8 124 58 19 20 114 224 10 109 32 28 70 48 33 81 28 93 52 169 41 104 102 72 8 23 49 86 45 15 27 29 44 57
32 73 44 35 23 28 130 5 27 121 135 79 151 37 119 0 12 32 93 37 58 3117 100 55 56 2 24 25 91 90 99 52 81 34 96 8 21 2 113 95 67 103 5 74 113 36 12 52 166 32 35 13 17 188 36 19 60 99 98 3124 62 12 145
194 74 125 185 33 65 97 1 20 66 129 64 21 45 11 12 0 205 70 83 15 33 11 14 173 74 190 51 33 30 8 119 75 40 38 21 34 16 12 65 101 52 65 88 35 45 3212 41 10 3108 26 28 31 98 5 91 69 60 16 38 24 180 25
125 10 16 9 93 179 145 9 30 19 6 38 3129 51 85 32 205 0 30 55 67 143 32 13 15 227 113 17 82 68 44 223 121 2 40 45 120 11 3 46 59 67 89 122 3123 130 6 100 13 18 20 156 15 43 71 21 7 6 74 114 3 21 24
59 37 14 23 69 75 55 152 47 86 58 89 148 23 17 93 70 30 0 31 74 2 201 47 77 45 13 176 126 186 76 61 83 5 44 56 36 147 47 2 82 5 3136 84 40 37 21 26 90 53 3223 4 13 89 1 30 67 3 29 47 88 4 148
68 59 87 40 38 95 1 118 32 3 67 115 71 28 4 37 83 55 31 0 55 99 47 182 157 45 59 78 6 12 10 51 100 3103 3 82 56 43 122 5 74 97 2 47 18 17 14 36 57 91 215 4 57 277 39 3118 27 65 230 11 3 59 95
22 51 92 65 149 6 86 77 38 25 93 61 54 87 17 58 15 67 74 55 0 154 117 156 91 34 20 129 51 4 204 160 18 114 17 3113 15 20 1 72 35 85 3068 10 42 85 11 207 51 48 50 59 140 34 5 45 29 51 30 36 43 144 10
70 36 50 28 82 47 64 38 9 106 56 52 31 14 85 3117 33 143 2 99 154 0 37 139 22 34 20 14 15 54 43 12 82 237 7 16 173 165 203 17 18 64 100 3128 38 20 10 39 105 64 197 185 83 21 66 31 56 2 33 3 7 9 115
4 105 70 92 67 55 3 25 77 95 58 99 3102 56 61 100 11 32 201 47 117 37 0 101 90 3255 12 21 11 95 17 7 3 104 17 2 19 8 42 117 124 22 89 58 77 100 85 100 23 102 64 92 69 140 9 65 63 8 19 53 3 80 120
47 103 31 83 172 43 5 110 183 18 40 20 93 71 169 55 14 13 47 182 156 139 101 0 82 19 51 3130 22 106 53 13 17 59 56 52 22 148 7 24 81 35 63 67 9 88 9 28 4 86 3082 73 15 109 82 77 38 114 1 85 48 16 34
33 26 59 26 29 59 33 96 23 27 13 118 140 145 11 56 173 15 77 157 91 22 90 82 0 69 87 83 92 108 68 3100 21 8 41 67 99 63 23 149 1 51 201 40 10 14 142 3162 16 71 82 6 114 39 16 65 47 21 15 18 86 16 88
89 54 96 115 55 36 38 28 110 34 120 3 50 32 14 2 74 227 45 45 34 34 3255 19 69 0 39 8 69 20 3065 222 8 26 54 2 16 16 82 49 36 53 170 104 72 21 189 62 149 70 3 99 122 2 9 14 19 178 67 35 11 33 128
42 49 35 22 13 20 71 73 76 86 3056 14 28 174 13 24 190 113 13 59 20 20 12 51 87 39 0 87 56 9 111 125 73 153 129 18 8 103 9 3079 80 52 67 14 21 50 18 71 1 166 4 84 60 70 245 19 163 145 125 80 60 41 4
1 2 33 27 65 22 146 11 32 20 98 107 138 17 137 25 51 17 176 78 129 14 21 3130 83 8 87 0 97 295 92 45 37 3068 47 4 115 30 26 73 24 54 42 20 107 188 83 28 143 30 103 133 13 6 51 24 1 95 36 59 38 20 98
131 169 95 64 111 37 52 37 50 20 119 42 18 36 81 91 33 82 126 6 51 15 11 22 92 69 56 97 0 175 8 36 7 27 220 35 103 165 14 72 3163 128 74 22 91 3091 37 93 32 45 4 9 45 41 36 44 58 30 3 70 81 21 107
49 32 18 88 20 34 24 3079 6 15 83 5 55 19 134 90 30 68 186 12 4 54 95 106 108 20 9 295 175 0 43 68 46 90 78 1 1 54 90 6 133 73 14 66 105 9 124 225 21 26 112 41 26 7 43 43 124 3121 106 101 28 12 50
120 119 42 10 53 112 101 150 38 18 74 24 41 114 8 99 8 44 76 10 204 43 17 53 68 3065 111 92 8 43 0 124 22 9 251 23 28 36 162 4 12 82 33 109 7 25 100 146 48 93 66 62 17 12 100 124 4 94 3085 109 8 19 21
28 32 3158 2 57 1 4 29 9 72 31 70 66 27 124 52 119 223 61 51 160 12 7 13 3100 222 125 45 36 68 124 0 95 137 46 73 42 60 18 7 39 94 28 22 51 85 68 55 31 4 21 4 81 3 88 106 116 107 136 70 48 89 48
53 26 13 73 61 51 27 10 5 72 108 180 59 129 58 81 75 121 83 100 18 82 3 17 21 8 73 37 7 46 22 95 0 128 37 136 35 15 40 85 49 3 22 52 3129 22 39 107 22 80 159 43 28 51 42 152 167 19 11 210 3178 107 18
31 18 364 65 108 95 17 188 78 43 1 18 21 65 19 34 40 2 5 3103 114 237 104 59 8 26 153 3068 27 90 9 137 128 0 44 20 76 11 29 107 14 6 18 182 65 98 56 98 42 123 6 8 1 45 37 37 120 41 38 35 74 70 24
74 50 11 29 16 3054 30 128 76 115 45 39 52 88 20 96 38 40 44 3 17 7 17 56 41 54 129 47 220 78 251 46 37 44 0 104 1 45 4 109 20 113 79 43 100 5 63 43 53 56 88 13 73 58 3136 50 178 37 78 27 107 172 53
52 25 79 33 12 42 112 82 206 61 16 29 61 104 114 8 21 45 56 82 3113 16 2 52 67 2 18 4 35 1 23 73 136 20 104 0 61 3076 169 62 200 73 98 65 41 144 115 43 83 75 13 70 158 137 135 71 59 47 17 17 16 25 24
180 98 2 3055 52 110 37 3 54 54 14 232 63 53 224 21 34 120 36 56 15 173 19 22 99 16 8 115 103 1 28 42 35 76 1 61 0 72 43 3122 37 34 93 63 115 78 197 10 108 22 74 18 143 1 60 22 29 22 81 36 11 184 13
27 32 11 69 28 27 27 101 127 70 33 58 16 62 10 2 16 11 147 43 20 165 8 148 63 16 103 30 165 54 36 60 15 11 45 3076 72 0 78 199 76 164 42 154 21 46 36 4 21 136 27 101 433 49 4 46 3106 34 8 82 45 79 5
77 44 42 125 12 121 73 133 59 109 3124 45 25 60 109 113 12 3 47 122 1 203 42 7 23 82 9 26 14 90 162 18 40 29 4 169 43 78 0 137 162 21 51 19 45 19 11 23 33 83 17 24 40 94 90 144 71 119 3 87 3108 26 78
128 51 1 40 57 28 27 59 2 128 144 115 52 86 32 95 65 46 2 5 72 17 117 24 149 49 3079 73 72 6 4 7 85 107 109 62 3122 199 137 0 73 3 76 105 103 55 73 18 71 2 63 27 124 20 14 13 142 34 22 1 37 143 128
6 119 71 15 24 24 124 70 103 94 5 74 37 37 28 67 101 59 82 74 35 18 124 81 1 36 80 24 3163 133 12 39 49 14 20 200 37 76 162 73 0 199 33 12 184 23 5 160 156 31 22 49 31 27 30 36 32 48 47 17 22 3100 145
60 41 29 48 22 23 3169 205 72 111 4 23 10 59 70 103 52 67 5 97 85 64 22 35 51 53 52 54 128 73 82 94 3 6 113 73 34 164 21 3 199 0 95 11 55 76 132 37 62 18 24 87 3134 6 139 7 75 16 180 50 31 39 47
1 25 29 96 25 70 148 29 140 24 49 55 37 47 48 5 65 89 3136 2 3068 100 89 63 201 170 67 42 74 14 33 28 22 18 79 98 93 42 51 76 33 95 0 132 123 5 37 24 54 53 106 15 51 147 112 10 57 60 39 73 106 75 45
63 111 54 23 11 20 80 21 40 3123 29 62 108 87 33 74 88 122 84 47 10 3128 58 67 40 104 14 20 22 66 109 22 52 182 43 65 63 154 19 105 12 11 132 0 159 67 11 4 37 40 11 3 61 5 82 257 10 86 12 40 250 74 13
56 86 56 9 79 4 4 13 44 20 9 59 123 154 81 113 35 3123 40 18 42 38 77 9 10 72 21 107 91 105 7 51 3129 65 100 41 115 21 45 103 184 55 123 159 0 219 66 37 10 16 6 25 29 79 225 12 35 106 13 92 14 89 31
27 58 54 81 80 46 3158 23 58 106 10 25 30 221 28 36 45 130 37 17 85 20 100 88 14 21 50 188 3091 9 25 85 22 98 5 144 78 46 19 55 23 76 5 67 219 0 11 111 24 27 15 60 55 32 25 72 95 273 123 70 13 28 63
107 17 28 57 28 16 142 20 54 138 9 9 51 72 93 12 3212 6 21 14 11 10 85 9 142 189 18 83 37 124 100 68 39 56 63 115 197 36 11 73 5 132 37 11 66 11 0 89 13 57 86 54 77 74 194 93 23 3161 38 13 77 5 112
60 2 50 76 21 18 37 4 18 127 59 107 89 30 52 52 41 100 26 36 207 39 100 28 3162 62 71 28 93 225 146 55 107 98 43 43 10 4 23 18 160 37 24 4 37 111 89 0 18 121 37 139 77 14 51 3 3069 53 89 12 190 30 68
62 100 70 3 29 156 9 85 15 40 91 77 55 25 169 166 10 13 90 57 51 105 23 4 16 149 1 143 32 21 48 31 22 42 53 83 108 21 33 71 156 62 54 37 10 24 13 18 0 79 87 23 49 90 3227 3193 53 74 207 24 40 70 31
3130 13 120 11 143 105 44 1 9 147 7 23 150 9 41 32 3108 18 53 91 48 64 102 86 71 70 166 30 45 26 93 4 80 123 56 75 22 136 83 2 31 18 53 40 16 27 57 121 79 0 5 95 30 31 41 70 39 65 195 73 245 1 31
12 130 22 76 44 130 26 63 35 11 25 233 45 42 104 35 26 20 3223 215 50 197 64 3082 82 3 4 103 4 112 66 21 159 6 88 13 74 27 17 63 22 24 106 11 6 15 86 37 87 5 0 187 46 7 109 203 26 38 42 29 12 80 70
22 3165 2 23 130 137 183 31 105 62 29 11 59 1 102 13 28 156 4 4 59 185 92 73 6 99 84 133 9 41 62 4 43 8 13 70 18 101 24 27 49 87 15 3 25 60 54 139 23 95 187 0 28 31 315 51 9 18 95 64 89 3089 56
3145 9 160 20 3 61 34 90 108 107 77 28 69 27 72 17 31 15 13 57 140 83 69 15 114 122 60 13 45 26 17 81 28 1 73 158 143 433 40 124 31 3134 51 61 29 55 77 77 49 30 46 28 0 88 24 42 29 45 61 61 14 34 6
48 10 91 74 149 113 50 85 111 92 53 80 151 34 8 188 98 43 89 277 34 21 140 109 39 2 70 6 41 7 12 3 51 45 58 137 1 49 94 20 27 6 147 5 79 32 74 14 90 31 7 31 88 0 35 5 23 21 3149 22 121 77 3133
25 24 48 24 72 26 30 3 60 6 39 1 12 44 23 36 5 71 1 39 5 66 9 82 16 9 245 51 36 43 100 88 42 37 3136 135 60 4 90 14 30 139 112 82 225 25 194 51 3227 41 109 315 24 35 0 187 50 13 86 15 9 125 49
44 59 86 9 22 15 29 96 77 5 88 95 120 5 49 19 91 21 30 3118 45 31 65 77 65 14 19 24 44 43 124 106 152 37 50 71 22 46 144 13 36 7 10 257 12 72 93 3 3193 70 203 51 42 5 187 0 10 71 8 157 73 85 85
8 125 83 222 6 152 137 8 62 44 10 41 23 107 86 60 69 7 67 27 29 56 63 38 47 19 163 1 58 124 4 116 167 120 178 59 29 3106 71 142 32 75 57 10 35 95 23 3069 53 39 26 9 29 23 50 10 0 86 66 71 64 137 7
5 65 83 28 25 43 80 137 34 25 194 9 41 59 45 99 60 6 3 65 51 2 8 114 21 178 145 95 30 3121 94 107 19 41 37 47 22 34 119 34 48 16 60 86 106 273 3161 53 74 65 38 18 45 21 13 71 86 0 68 67 135 28 43
2 23 14 66 25 28 10 24 93 46 39 15 12 128 15 98 16 74 29 230 30 33 19 1 15 67 125 36 3 106 3085 136 11 38 78 17 81 8 3 22 47 180 39 12 13 123 38 89 207 195 42 95 61 3149 86 8 66 68 0 273 148 106 54
12 180 16 169 40 75 53 28 3086 151 98 34 47 21 27 3124 38 114 47 11 36 3 53 85 18 35 80 59 70 101 109 70 210 35 27 17 36 82 87 1 17 50 73 40 92 70 13 12 24 73 29 64 61 22 15 157 71 67 273 0 73 57 62
21 87 65 9 56 128 127 33 25 149 36 66 81 34 29 62 24 3 88 3 43 7 3 48 86 11 60 38 81 28 8 48 3178 74 107 16 11 45 3108 37 22 31 106 250 14 13 77 190 40 245 12 89 14 121 9 73 64 135 148 73 0 86 25
17 3 19 31 178 223 79 103 10 11 3 33 177 49 44 12 180 21 4 59 144 9 80 16 16 33 41 20 21 12 19 89 107 70 172 25 184 79 26 143 3100 39 75 74 89 28 5 30 70 1 80 3089 34 77 125 85 137 28 106 57 86 0 23
136 52 18 150 103 3106 46 167 52 4 17 105 29 156 57 145 25 24 148 95 10 115 120 34 88 128 4 98 107 50 21 48 18 24 53 24 13 5 78 128 145 47 45 13 31 63 112 68 31 31 70 56 6 3133 49 85 7 43 54 62 25 23 0
