63 1953
13 46
60 19
20 13
39 15
40 25
47 61
62 48
36 58
31 19
41 28
26 13
35 10
20 7
20 60
38 43
20 5
1 57
27 37
27 9
24 42
1 54
59 15
34 29
5 1
51 46
12 32
19 17
13 9
44 63
48 2
30 7
48 24
45 14
50 28
32 55
19 48
59 51
54 38
48 49
51 29
53 42
39 63
8 37
52 29
49 54
36 37
61 24
12 30
15 26
52 3
12 48
21 3
18 60
11 5
50 7
53 43
48 15
10 19
23 62
21 26
1 13
57 8
7 6
29 31
25 26
8 12
17 21
43 12
17 44
57 10
21 57
16 31
32 37
54 18
21 9
58 27
22 21
44 7
59 11
50 22
58 13
25 62
9 61
34 35
6 20
1 34
13 17
13 34
60 42
13 15
61 32
27 6
25 27
38 9
24 60
54 53
45 15
10 45
2 51
34 32
4 16
13 10
29 20
8 21
48 16
50 38
23 43
9 20
37 50
4 58
14 55
27 51
45 50
26 23
32 48
27 31
52 12
10 11
55 4
39 52
18 19
58 59
38 11
20 22
6 5
9 41
59 53
52 51
48 50
20 31
6 39
8 5
18 5
63 32
2 54
9 3
42 44
43 58
43 42
20 49
5 22
34 58
39 4
15 18
2 56
22 44
42 34
28 25
6 54
21 13
2 31
27 36
42 47
43 14
14 29
28 11
7 41
44 20
4 36
50 3
8 45
35 49
16 24
46 1
37 15
19 40
4 17
19 32
17 62
52 48
59 18
61 59
57 42
13 45
51 63
43 2
3 27
5 63
39 34
24 49
10 9
38 49
33 58
48 63
32 54
34 10
35 42
29 54
46 40
62 27
14 39
13 14
44 46
14 24
38 1
23 6
33 57
55 44
29 27
32 35
11 2
8 20
35 47
53 13
35 58
40 7
48 45
39 16
43 54
44 5
63 52
27 32
1 61
35 29
54 52
56 38
19 9
9 47
62 58
33 42
34 5
58 25
33 22
30 36
30 24
38 52
47 21
17 59
12 21
42 10
6 11
45 53
21 7
48 61
20 56
45 43
41 34
20 25
51 60
57 62
8 53
36 18
26 14
17 40
25 2
61 35
62 51
54 60
21 39
45 39
41 6
41 13
24 47
25 31
8 27
29 49
19 38
59 49
41 58
40 58
21 46
24 44
56 5
9 57
2 20
39 26
1 58
44 35
51 30
54 3
5 52
10 58
60 14
57 59
40 35
49 1
41 37
11 63
56 8
34 16
7 23
62 40
50 2
7 12
15 12
8 43
36 12
25 50
46 52
45 21
55 24
58 45
62 36
51 14
14 63
57 2
21 58
53 51
49 9
34 36
50 16
22 52
15 6
19 39
30 22
1 27
18 50
23 42
52 44
51 55
13 11
52 31
38 55
49 37
1 43
1 12
2 55
29 12
34 47
11 31
53 44
51 35
21 15
38 33
18 38
9 58
52 50
46 24
61 6
23 48
26 2
45 47
25 16
6 37
15 62
18 22
62 32
15 53
28 33
1 15
2 10
4 26
19 26
55 42
37 24
11 29
3 19
39 60
40 53
16 17
51 13
63 62
54 19
26 29
50 58
43 39
47 27
62 5
4 20
29 57
20 1
12 17
3 55
5 51
46 31
37 35
37 62
15 16
26 55
60 40
60 63
36 40
8 59
21 14
47 8
28 47
56 54
28 55
53 24
3 15
8 19
56 33
63 9
4 9
3 35
34 59
10 25
30 26
29 6
54 31
51 28
23 3
21 51
53 60
47 12
3 6
14 54
58 24
14 3
17 54
52 20
24 31
39 30
41 12
58 20
2 63
49 39
30 25
12 58
9 14
32 41
36 54
2 7
27 24
52 47
11 45
23 27
31 58
62 45
35 16
61 2
23 49
63 59
17 61
48 54
58 6
43 55
14 41
20 3
36 11
26 57
22 34
10 18
52 15
42 56
50 29
3 12
21 53
46 54
47 39
29 18
26 56
47 3
33 37
23 58
36 56
53 27
17 33
15 41
57 41
58 26
36 26
23 60
36 45
24 33
30 31
58 44
49 3
40 48
9 24
9 42
47 56
49 40
31 62
44 4
40 32
28 1
28 9
62 56
20 46
59 54
18 33
51 32
15 19
63 41
52 13
40 43
12 25
51 37
56 23
50 20
53 62
42 7
6 59
19 35
41 59
20 11
23 4
28 6
31 3
61 19
39 35
36 57
41 31
32 10
8 35
48 20
6 52
26 9
15 47
39 3
49 60
1 18
17 8
17 51
41 24
55 35
34 20
12 54
44 36
43 6
13 24
28 15
29 5
39 51
53 16
59 48
5 42
30 19
33 36
1 55
50 43
10 27
44 47
2 21
36 60
56 17
30 59
40 6
41 16
42 36
39 13
16 55
45 1
40 47
18 3
62 44
37 52
55 30
41 42
33 19
15 32
36 16
28 49
3 37
5 13
3 56
44 6
38 20
16 10
36 1
5 3
21 16
20 39
9 6
49 52
58 57
43 13
8 29
51 61
19 45
9 40
21 6
9 31
23 2
10 22
14 61
55 10
12 6
21 62
60 27
39 25
23 29
48 10
44 43
48 21
9 59
45 22
49 36
57 12
39 55
51 31
47 23
23 54
38 60
29 13
54 42
1 50
6 26
25 41
36 41
59 16
49 42
17 30
15 20
4 25
18 49
32 50
35 20
19 29
50 61
32 20
40 45
33 13
23 24
23 32
39 56
12 39
26 5
18 45
18 44
52 28
6 32
6 38
31 38
49 22
27 4
56 27
13 3
58 30
23 12
4 51
10 63
28 26
60 17
25 43
31 63
55 31
33 32
58 38
21 5
10 26
26 40
11 18
7 27
15 24
58 2
63 29
27 39
34 18
11 26
40 18
28 3
1 31
62 7
10 39
42 52
37 63
20 55
53 18
51 16
35 53
32 21
53 9
26 45
60 31
24 57
6 13
61 10
17 35
37 55
20 23
9 48
40 4
24 62
7 52
38 15
16 42
19 34
33 35
45 61
55 45
24 6
51 34
44 61
28 22
38 4
30 20
34 62
30 34
1 48
26 35
38 30
9 16
38 2
8 22
2 18
8 6
17 38
42 58
46 53
52 19
34 24
22 29
52 1
53 31
8 18
4 49
38 27
63 1
4 32
52 59
4 6
53 26
17 15
42 18
13 63
57 27
22 23
20 28
9 5
6 33
56 12
3 59
30 2
50 15
54 8
43 31
48 51
38 53
15 55
49 19
45 49
35 7
8 40
31 23
24 39
3 32
60 26
5 39
23 59
26 49
18 63
13 38
29 24
17 29
6 30
13 48
63 25
14 37
3 25
58 39
31 42
15 44
19 36
57 51
40 2
7 14
21 28
10 59
43 56
47 38
35 43
29 47
63 12
36 51
50 63
17 43
40 31
22 9
30 56
63 19
57 31
60 1
62 30
50 13
57 30
7 31
22 51
23 63
46 2
39 17
47 18
3 60
34 2
60 33
15 7
63 17
47 11
33 16
63 46
27 26
49 16
8 4
14 57
39 29
23 5
15 11
43 24
6 60
29 25
14 6
16 2
8 46
2 17
20 59
32 43
48 28
56 15
21 29
35 36
54 27
39 9
28 56
35 48
62 22
4 18
61 62
28 16
25 21
2 35
46 41
26 52
32 36
62 10
56 18
8 50
33 50
37 57
41 54
62 26
14 49
13 60
18 26
12 42
54 28
48 14
37 31
5 54
17 48
61 23
24 28
49 15
28 23
17 41
62 47
16 18
4 63
55 62
6 1
30 47
45 6
60 62
8 14
2 15
51 6
14 38
2 42
12 20
35 60
7 29
11 24
25 35
23 18
33 23
34 31
47 13
33 7
49 31
29 45
33 39
39 46
61 4
27 50
28 5
36 6
10 54
36 43
23 9
55 60
53 48
61 18
33 40
6 17
61 12
15 57
30 16
59 43
28 8
40 28
39 37
41 5
37 38
56 7
55 36
30 49
42 39
49 2
15 42
28 39
46 30
45 24
3 38
5 35
34 33
53 11
62 4
1 10
36 52
46 62
45 56
32 22
56 29
3 17
23 21
41 18
30 48
47 14
26 41
9 35
32 58
8 60
46 56
60 5
28 44
31 33
51 43
63 34
27 63
17 36
9 51
27 30
21 52
16 37
44 23
13 35
43 47
62 50
19 50
32 38
14 30
32 28
45 42
49 25
59 44
45 7
39 48
31 5
55 41
8 7
61 36
63 30
41 47
45 30
1 37
54 62
59 29
6 47
11 3
59 25
29 53
12 46
29 4
14 42
18 31
9 34
59 36
33 12
16 54
18 48
13 18
8 16
9 36
6 34
32 31
29 28
8 63
49 57
38 41
35 41
63 26
15 46
17 11
44 2
14 25
17 10
11 58
7 53
6 55
47 26
27 34
21 50
19 11
39 18
61 56
13 59
7 18
33 41
16 3
58 5
49 12
36 46
34 8
16 11
45 16
61 52
47 37
4 59
46 25
31 47
5 4
19 20
32 8
34 23
21 55
19 62
41 21
3 40
42 40
19 55
19 53
38 40
34 25
45 17
58 7
12 26
53 41
42 17
12 18
35 23
33 25
57 3
18 43
19 12
33 15
44 50
55 50
12 5
62 2
10 28
45 27
32 2
25 48
36 15
43 16
18 21
14 23
51 42
33 2
43 3
49 44
17 26
30 5
37 58
24 52
51 15
13 54
53 6
10 53
2 52
46 34
45 38
37 29
34 50
35 38
6 57
29 2
4 31
7 39
63 47
41 40
38 26
53 5
9 1
23 8
40 5
34 48
56 31
30 3
42 1
22 42
58 16
18 20
41 51
39 36
9 8
23 41
38 44
27 55
24 63
60 47
62 33
54 24
59 46
35 28
62 20
33 3
15 43
60 32
61 27
28 17
14 53
11 62
17 49
11 35
1 51
37 34
6 49
54 4
33 61
52 4
21 42
32 14
46 6
36 28
30 32
1 56
7 32
30 28
26 3
46 4
7 1
16 12
3 63
22 16
30 21
16 29
35 18
25 53
30 37
19 37
35 59
43 5
25 45
43 4
14 36
12 53
28 57
47 57
32 11
52 58
3 46
8 1
59 45
42 30
49 43
27 15
59 14
46 26
56 35
46 33
34 12
54 22
27 2
62 16
60 10
20 24
4 34
48 58
49 27
49 56
47 48
27 44
32 5
12 27
14 16
61 37
46 14
37 44
45 12
50 6
31 15
43 52
54 11
59 50
47 46
11 48
56 37
14 27
31 44
59 2
4 35
41 61
63 36
9 30
21 60
47 7
43 9
28 13
63 57
9 29
39 23
44 57
37 54
37 21
14 2
62 49
13 19
11 50
10 37
38 39
4 45
44 51
3 58
16 61
11 51
20 36
61 28
9 25
37 59
4 41
35 52
58 47
28 43
57 53
7 3
58 46
31 10
12 37
55 8
7 5
46 60
55 54
63 53
8 52
19 41
25 11
19 24
45 44
63 16
11 57
5 25
54 47
15 23
14 44
31 35
36 53
21 61
30 41
60 11
46 57
18 27
60 2
32 47
44 39
4 28
33 21
22 3
45 32
60 34
32 29
4 12
51 54
30 52
50 40
28 62
61 40
53 20
46 16
51 7
23 25
16 32
63 38
44 3
33 55
55 57
47 49
63 22
59 21
37 17
32 46
50 12
35 63
62 38
19 51
28 19
52 27
8 15
60 58
33 49
49 61
4 1
43 60
1 39
41 20
51 33
58 17
46 10
20 63
61 38
5 55
54 50
50 24
8 10
30 23
28 7
46 27
6 22
63 21
22 1
40 12
33 59
39 2
16 52
9 2
33 4
16 47
18 58
40 21
29 30
32 59
21 49
47 51
19 58
10 20
16 57
19 57
10 3
11 49
22 14
15 61
14 56
56 50
60 7
35 27
45 31
14 28
27 22
48 46
44 19
41 44
11 52
45 5
22 31
61 3
57 43
12 22
21 38
55 9
38 16
52 32
1 16
21 44
27 28
24 32
48 29
27 17
2 45
1 41
42 61
7 25
23 37
12 44
26 22
1 2
4 60
40 13
24 4
52 60
56 25
18 52
37 11
47 55
34 54
42 62
56 63
48 6
42 13
13 32
38 42
40 37
48 22
16 7
56 40
40 51
8 11
22 39
42 25
50 41
7 10
34 7
45 63
5 49
19 6
6 31
6 56
56 21
50 23
60 57
4 57
25 18
53 56
22 43
2 53
24 7
37 45
23 46
19 14
18 9
24 3
10 21
63 15
2 22
59 40
61 25
28 18
7 59
60 48
55 59
38 8
41 3
5 16
28 63
59 19
30 44
43 30
40 1
63 55
58 29
33 48
19 16
43 11
52 23
47 10
59 12
10 56
46 42
22 25
45 9
50 39
10 4
63 40
60 29
10 49
13 8
34 40
36 2
59 24
59 22
21 27
20 42
8 25
3 51
25 37
11 33
52 25
25 13
57 40
3 4
13 55
53 23
51 25
62 43
34 26
48 42
11 41
2 8
5 27
46 45
32 9
11 7
13 2
29 36
13 27
11 30
56 13
17 18
1 35
32 26
41 27
43 34
57 22
43 10
50 49
49 8
55 49
1 24
39 57
45 41
60 30
30 50
7 63
51 18
16 40
20 54
44 25
10 5
60 56
57 5
23 40
61 63
8 42
38 25
7 54
50 5
25 1
43 46
24 36
48 4
10 52
59 56
28 46
6 18
44 16
34 15
52 53
30 13
23 51
51 56
21 19
60 12
39 62
5 47
17 9
9 7
61 34
51 12
15 60
40 15
19 23
47 20
4 13
40 24
36 31
50 9
2 24
37 48
62 13
54 30
38 59
32 1
25 6
8 39
50 53
47 2
40 30
27 48
39 59
41 60
56 48
5 59
40 10
56 55
7 49
15 30
16 13
13 31
47 36
39 54
26 16
58 22
26 44
7 22
37 5
25 54
44 60
59 1
12 11
59 27
24 8
18 32
55 52
58 15
61 53
41 39
5 17
7 48
5 14
62 14
35 50
44 11
23 55
1 29
17 25
42 4
10 50
43 27
39 53
16 20
62 3
23 45
57 34
31 21
27 19
17 20
4 14
4 53
12 31
4 7
16 27
46 55
13 7
48 3
25 36
8 3
8 31
46 19
37 9
5 24
23 11
38 7
42 11
48 8
31 48
20 40
42 59
48 57
29 15
3 1
20 26
46 11
32 57
33 27
49 34
57 56
21 54
22 4
29 43
53 34
53 22
40 11
55 17
1 19
17 53
57 18
33 52
55 34
38 48
57 7
38 28
33 10
10 24
2 37
9 56
58 54
46 35
35 54
57 20
3 45
51 10
62 35
44 56
22 19
34 14
22 60
61 8
26 37
45 60
17 46
10 38
51 49
37 43
33 53
47 19
51 26
22 17
53 28
51 50
17 7
46 61
8 36
44 34
26 50
43 33
43 20
53 49
43 7
55 18
11 14
58 63
13 37
54 61
5 36
20 21
4 19
23 38
30 10
8 41
61 30
60 50
33 54
22 40
24 26
29 38
5 48
7 36
14 10
29 10
4 47
17 31
31 14
40 44
46 49
53 58
3 29
20 14
17 1
5 46
22 11
34 52
4 21
24 38
51 20
14 17
48 44
34 11
61 11
29 62
8 44
52 40
6 2
14 1
58 61
6 10
32 53
62 1
58 49
26 61
37 42
22 15
19 25
9 44
30 1
15 14
54 9
39 40
41 56
59 26
29 61
20 61
12 13
33 8
60 61
28 37
2 19
59 60
2 12
14 35
55 58
47 53
17 47
26 8
56 11
53 3
22 46
52 9
60 25
61 31
21 1
5 38
48 43
51 58
37 18
62 8
47 25
61 13
31 28
37 53
18 24
34 21
2 5
29 44
4 56
26 43
22 56
36 10
1 47
8 51
6 62
33 63
12 28
35 24
49 41
41 2
50 57
41 48
15 4
34 38
55 29
27 42
63 49
18 30
32 39
29 42
37 22
42 50
33 9
63 42
34 45
51 38
45 51
33 44
36 3
19 5
56 19
22 61
45 28
7 19
11 55
13 49
32 56
48 26
22 36
14 50
15 10
14 12
41 10
33 1
30 33
53 55
17 23
46 38
54 45
50 47
55 7
14 52
14 58
1 11
22 55
50 36
17 52
57 13
23 16
62 12
20 33
15 9
33 14
35 15
24 21
60 37
31 39
9 46
57 61
1 26
19 42
32 44
37 7
52 41
42 3
28 42
27 20
43 41
54 44
44 1
52 56
43 63
45 57
54 15
17 32
18 14
24 17
22 41
7 46
50 31
13 44
54 40
62 59
46 18
30 4
9 12
12 38
29 41
36 13
2 28
57 17
60 28
57 25
42 6
5 61
55 25
48 36
33 29
23 10
26 7
22 47
14 40
16 6
23 36
33 5
23 1
20 45
35 57
32 49
23 57
22 35
24 25
22 13
3 34
61 7
17 34
43 61
18 62
42 26
32 42
8 58
52 45
10 44
12 24
11 21
37 20
57 54
26 54
38 22
63 54
16 60
33 47
61 39
15 25
30 35
57 52
57 38
56 58
9 62
56 16
11 4
1 53
55 48
22 24
15 5
40 29
35 45
58 28
41 62
56 24
12 10
32 25
62 52
9 11
51 24
56 34
59 47
26 33
59 28
50 4
38 36
2 4
46 50
46 37
55 61
45 33
59 31
35 12
39 11
6 63
36 21
31 26
23 13
55 12
55 40
43 19
53 30
8 30
21 35
21 43
11 27
37 4
35 6
60 9
17 50
27 40
46 29
28 34
2 3
