1000 500
913 345
823 686
689 508
718 750
532 764
233 783
787 945
246 703
348 366
677 342
379 687
225 3
13 890
854 280
143 418
707 825
510 768
250 909
679 115
705 680
296 694
298 112
923 962
981 982
710 462
81 866
340 619
399 847
20 253
961 900
618 229
415 212
329 439
623 906
675 793
931 632
31 88
519 410
813 206
536 78
774 332
521 627
208 270
479 767
551 559
25 9
788 515
531 231
35 856
222 889
986 392
22 502
14 542
953 371
553 52
312 305
940 763
235 761
302 601
15 932
608 113
980 820
713 691
357 251
37 916
747 794
910 476
998 481
452 915
473 638
859 570
337 728
447 394
614 271
983 58
734 380
595 203
132 698
257 454
323 458
663 105
33 833
151 164
440 230
846 812
653 974
799 934
868 242
466 477
285 436
62 564
178 1000
141 712
75 192
987 38
430 732
110 134
911 751
223 599
772 195
877 324
409 106
719 486
893 135
496 318
960 91
239 297
746 494
580 199
538 834
314 930
611 142
947 8
68 577
7 649
514 85
722 84
720 912
603 628
457 249
97 404
227 330
34 927
592 539
127 850
393 748
593 769
352 73
566 642
844 130
272 300
205 526
903 172
630 161
480 372
832 16
292 490
361 459
604 282
64 631
96 423
347 89
464 313
967 495
985 263
606 69
158 922
978 474
657 309
74 472
237 641
213 661
303 274
671 665
660 810
428 214
648 667
560 860
902 114
117 362
684 103
792 395
419 928
284 493
260 406
759 586
301 541
179 791
432 725
622 65
478 252
925 811
188 861
123 438
616 646
384 894
587 328
562 54
460 335
874 40
883 451
82 933
594 465
232 434
446 26
561 524
187 816
116 497
633 583
417 293
483 344
138 685
624 24
319 852
255 664
743 27
327 66
749 730
757 762
148 770
94 121
500 129
11 492
1 306
240 100
171 310
370 895
984 899
194 128
717 880
996 191
674 955
157 92
5 607
864 360
872 845
795 523
855 735
247 571
41 259
416 241
804 886
254 125
809 620
781 654
339 806
140 609
892 273
634 625
552 863
431 801
76 702
673 656
437 973
386 838
401 742
294 170
36 755
144 426
299 160
965 610
177 840
182 147
287 582
517 499
643 957
159 786
201 941
797 427
827 425
908 796
683 744
818 331
635 505
584 207
968 95
413 995
516 819
119 383
765 545
693 669
511 200
102 897
266 504
991 572
969 268
956 90
999 695
784 211
527 295
914 79
574 736
882 929
471 727
697 972
550 952
152 77
378 753
267 543
535 217
629 445
964 109
557 485
275 528
738 375
650 901
990 513
879 617
867 101
724 435
57 2
836 715
61 549
444 779
876 21
959 169
407 766
234 51
612 977
870 701
256 48
355 220
997 676
167 711
19 276
556 802
218 776
107 185
411 944
739 935
507 412
662 49
219 589
429 320
993 938
63 865
615 942
723 198
126 176
67 843
351 137
829 180
785 356
139 29
555 645
758 390
731 244
709 376
708 547
805 122
456 236
491 920
637 518
165 771
581 131
104 745
760 943
168 487
626 450
808 281
290 278
6 59
668 970
803 501
591 775
537 841
175 190
363 398
597 688
56 326
228 238
433 585
954 596
644 994
655 682
842 884
588 279
349 875
221 741
391 403
544 387
907 600
578 681
149 186
533 50
831 341
449 353
534 756
396 704
470 369
469 887
881 896
385 93
17 120
317 939
83 420
316 992
871 503
498 408
853 422
706 678
453 815
381 489
289 156
576 567
354 108
950 210
540 265
672 402
245 358
442 311
72 397
162 173
640 10
885 39
714 196
202 150
554 590
558 737
86 443
721 857
873 18
44 602
269 979
441 976
288 525
522 23
146 798
613 569
716 740
304 325
520 99
98 546
365 389
563 821
658 55
226 988
163 283
647 315
216 60
286 118
822 136
548 333
475 382
924 699
367 321
204 455
448 467
651 830
468 690
814 181
692 807
948 726
277 919
839 124
322 639
790 368
878 45
28 530
754 209
778 949
153 966
338 817
482 197
958 111
936 334
898 4
46 862
359 509
917 858
752 971
905 154
652 70
248 174
32 264
666 166
989 921
193 636
47 184
835 262
461 729
512 926
975 421
53 307
888 568
828 780
155 71
937 565
261 350
621 848
918 573
837 258
424 696
30 575
951 488
414 346
12 133
529 605
506 145
215 388
43 374
598 826
782 484
904 42
308 700
373 670
463 291
336 733
400 224
849 243
777 851
963 891
800 773
869 87
824 189
946 659
343 377
183 579
789 405
364 80
