1000 1000
405 110
615 688
265 904
827 292
455 870
737 686
648 715
649 343
871 143
97 696
559 17
997 593
228 15
976 369
950 787
897 318
703 799
262 857
681 727
908 531
470 948
339 29
95 217
610 602
424 572
50 852
13 31
800 452
474 664
805 68
811 494
137 234
230 47
554 457
235 313
237 228
244 815
816 242
947 373
127 296
867 491
385 676
398 113
701 155
540 129
839 817
564 338
320 429
287 695
983 366
307 225
515 520
342 796
524 62
879 988
539 302
35 915
591 232
894 309
472 274
219 10
49 199
619 884
969 226
363 876
916 994
156 619
670 937
330 941
229 80
406 724
368 320
842 963
957 939
582 401
833 143
603 349
390 843
765 999
652 722
315 204
658 96
990 78
75 1
73 790
704 208
814 735
818 259
159 420
497 316
134 444
995 793
470 160
249 435
411 805
319 849
364 965
54 23
442 663
377 46
991 419
929 365
846 692
170 206
190 735
201 384
899 369
119 197
124 771
628 909
535 925
118 677
232 597
52 21
524 73
784 720
580 282
22 921
278 139
564 751
528 982
169 607
566 863
738 131
24 614
438 578
726 346
190 631
859 213
782 685
252 185
603 483
167 335
541 33
668 309
933 884
579 267
986 892
337 237
864 243
999 647
770 556
176 982
728 107
713 329
326 683
108 552
829 40
439 198
672 224
383 97
907 196
379 422
399 376
183 419
597 658
491 552
34 162
820 413
71 512
294 159
959 195
854 181
449 748
189 642
168 255
412 187
202 768
106 122
207 305
482 973
223 851
214 67
218 565
998 300
446 565
84 478
216 316
293 151
836 416
239 760
684 286
222 111
484 905
418 573
409 371
789 818
308 840
492 457
572 888
8 984
906 29
928 224
540 455
497 115
832 834
345 976
61 477
500 499
182 682
923 101
972 902
634 914
635 88
381 788
743 852
314 133
838 38
704 126
890 794
16 105
800 334
825 575
673 744
577 437
367 657
946 859
359 47
766 533
584 518
400 689
340 378
262 728
476 34
915 516
132 486
806 330
205 500
164 781
643 965
442 236
276 77
932 147
99 352
559 753
959 919
934 574
253 291
808 19
978 294
762 197
955 162
416 377
277 430
496 166
993 18
676 798
510 268
220 856
75 960
802 517
361 978
310 158
952 826
83 638
657 503
380 689
782 163
768 882
598 173
936 367
974 885
426 141
103 154
226 376
354 303
893 616
501 328
456 288
799 202
648 218
522 873
411 772
744 119
324 481
336 548
970 384
958 687
399 541
212 633
250 848
127 120
395 134
362 729
252 767
459 6
229 446
558 776
517 846
688 378
298 158
509 288
339 72
488 679
555 656
779 7
765 89
710 472
434 583
431 480
341 54
626 135
429 981
858 830
659 157
666 785
259 410
927 947
210 868
251 573
547 350
293 801
95 26
694 64
717 678
850 875
613 752
258 962
30 427
699 550
849 392
736 529
627 123
646 843
740 798
992 813
412 37
318 641
749 747
690 708
561 555
386 382
636 301
907 499
740 617
983 140
473 200
488 66
264 958
872 847
343 15
344 372
498 55
465 679
220 87
861 123
325 940
931 248
483 361
88 542
526 724
187 534
490 910
784 693
191 635
140 936
584 219
557 713
487 333
203 601
21 977
558 64
691 268
493 221
490 826
881 359
880 777
953 568
461 896
589 764
314 448
718 2
581 900
866 639
25 602
137 979
502 609
430 366
184 436
631 33
622 925
62 280
535 714
779 59
546 916
109 153
310 549
961 149
447 461
401 861
278 860
39 321
81 751
422 113
112 124
56 160
194 640
831 254
570 397
680 425
102 234
41 215
896 587
263 611
940 414
807 640
404 272
107 270
674 495
79 845
464 645
780 897
750 26
387 179
513 625
720 87
504 415
756 630
209 901
17 757
389 447
819 850
130 667
767 803
403 898
706 157
428 914
503 588
570 822
100 698
919 164
333 193
144 894
307 787
734 233
903 593
239 985
342 344
825 574
996 815
844 878
911 179
721 630
532 148
484 1000
975 984
295 821
538 351
417 719
853 623
156 793
335 260
956 38
563 172
537 588
203 437
208 995
80 66
241 760
49 966
775 951
291 302
421 902
941 663
616 308
89 529
855 621
338 553
944 531
933 328
193 341
641 809
764 622
514 169
188 385
847 544
980 404
607 102
691 267
920 317
408 180
471 606
272 425
198 730
812 646
440 814
655 583
670 542
879 527
261 275
265 186
594 935
545 786
92 174
195 386
14 184
432 755
939 362
475 292
372 24
732 144
791 217
269 774
761 440
303 246
44 327
282 647
788 642
60 952
381 279
571 298
742 913
494 435
270 605
741 650
514 836
414 98
974 400
286 247
638 194
130 733
418 460
721 394
171 290
684 759
729 114
942 963
327 935
856 240
355 566
20 191
90 743
686 918
938 567
669 81
300 74
838 445
306 930
27 692
967 393
82 872
319 254
981 357
817 829
519 580
433 891
874 605
736 645
985 823
504 189
651 970
944 571
709 543
816 853
882 394
353 91
142 353
3 163
65 539
147 173
754 715
227 231
834 990
115 746
19 420
301 6
28 511
402 672
942 96
633 389
63 748
508 106
478 820
350 493
165 567
441 774
891 177
831 639
448 297
699 696
356 469
718 668
977 145
911 84
968 244
90 875
9 181
967 279
285 398
938 406
727 453
402 618
207 732
612 409
471 82
561 905
750 363
428 120
22 186
133 746
705 723
671 898
987 697
526 304
885 900
665 971
454 312
869 971
785 358
773 595
215 103
660 549
673 485
883 821
469 928
811 150
424 10
306 950
340 712
563 280
199 76
32 253
261 604
666 662
887 114
72 945
592 331
700 783
599 534
94 910
373 9
893 608
196 23
786 951
260 770
523 317
456 502
912 901
299 35
682 989
322 802
146 264
121 171
458 192
711 587
322 651
908 374
434 606
586 70
336 94
18 637
560 968
794 358
757 972
289 585
755 86
58 822
650 596
153 695
926 257
180 36
871 610
629 662
473 235
57 865
5 475
705 674
74 396
249 128
536 204
67 230
257 69
68 920
479 69
396 266
20 347
808 221
773 545
413 225
486 730
876 562
453 953
532 393
223 599
525 12
731 126
922 477
283 138
943 405
56 1
618 391
512 192
365 41
669 671
48 904
864 877
614 763
281 759
858 979
791 374
681 388
521 439
917 51
256 170
731 771
797 929
30 592
797 569
451 795
776 452
116 59
923 809
284 78
108 932
276 895
467 43
188 528
833 505
930 45
305 125
738 331
104 329
964 739
660 349
511 498
824 980
762 132
355 854
553 211
508 824
792 530
443 964
28 371
462 211
812 810
577 956
596 60
458 848
71 271
988 505
969 832
466 297
4 703
474 973
870 415
93 118
185 550
521 886
557 39
370 562
636 842
576 790
356 627
830 683
65 174
677 792
889 201
892 266
273 726
551 934
749 734
667 387
881 125
129 360
101 450
506 3
375 178
717 733
346 922
85 656
604 32
758 183
454 880
175 152
917 804
654 136
585 600
678 432
213 652
841 231
287 43
510 712
99 52
649 489
989 725
857 778
716 608
281 589
520 957
167 492
523 263
53 11
827 152
368 176
200 436
855 210
334 407
806 383
576 496
255 801
600 837
326 795
83 996
909 236
924 146
238 538
591 348
680 433
653 495
256 11
501 311
789 518
837 53
427 780
654 98
441 364
290 100
918 131
128 613
874 866
105 421
117 370
516 175
121 216
823 403
611 890
644 722
783 50
116 609
745 506
863 924
991 410
459 5
756 240
702 886
719 937
55 45
250 813
926 275
632 903
238 841
480 921
380 626
109 625
694 465
986 869
91 61
752 992
685 624
546 714
44 351
993 110
408 742
479 706
878 723
178 835
664 468
810 161
227 778
460 998
206 954
615 392
769 796
766 737
313 299
537 345
463 464
955 515
865 277
661 467
747 698
417 590
595 390
295 707
697 444
273 594
543 960
867 8
739 845
653 575
323 150
284 687
271 637
868 138
507 248
296 889
136 617
961 725
758 312
168 57
142 708
948 482
781 530
104 423
449 14
242 93
92 862
544 161
382 245
13 707
582 31
710 2
997 629
601 354
840 828
395 579
311 375
58 304
803 860
888 913
772 753
709 675
243 283
835 269
828 966
205 945
450 628
777 763
247 716
702 700
912 1000
40 48
4 122
745 397
182 325
873 86
548 560
332 337
481 443
352 141
661 975
877 466
154 139
994 624
27 360
487 489
112 586
165 324
323 476
445 741
209 12
536 348
949 620
807 819
451 379
76 612
245 222
391 590
135 632
463 883
79 46
155 258
145 895
507 42
962 899
943 519
388 623
285 533
177 85
675 212
525 16
987 634
70 315
906 644
522 431
214 578
36 804
551 148
233 775
693 931
321 357
166 423
42 701
761 426
151 407
63 621
655 172
598 485
241 620
839 51
556 289
527 927
149 25
569 251
111 77
117 581
332 659
547 643
851 509
690 438
462 946
769 274
862 887
513 711
7 246
954 347
754 844
37 949
554 665
468 568
