1000 1999
847 940
923 632
257 956
801 607
593 741
46 379
597 670
330 397
578 295
536 713
802 419
587 919
566 674
48 14
972 713
743 102
701 58
41 658
667 669
438 865
760 402
749 164
560 743
860 429
606 390
261 914
10 872
183 313
545 51
639 592
632 75
581 270
337 39
580 899
787 996
180 615
10 144
769 771
686 411
236 574
827 935
727 739
112 854
307 692
610 951
77 988
628 953
444 651
22 843
317 312
315 774
624 247
866 546
773 114
813 976
613 963
470 560
207 248
348 766
772 844
311 748
222 981
674 429
819 653
657 511
382 463
425 413
231 993
322 925
625 984
785 460
66 384
132 719
124 96
420 101
557 959
351 557
942 572
75 128
600 617
940 920
458 645
800 419
327 848
668 207
159 475
533 813
744 226
990 190
17 597
324 133
781 991
714 358
732 349
222 566
851 400
851 432
814 846
733 372
809 597
455 8
364 46
50 757
269 775
741 98
661 746
712 502
798 346
96 166
177 369
733 992
575 491
496 263
667 668
559 249
680 756
52 378
897 85
331 297
603 65
353 6
825 34
11 350
690 361
981 257
750 783
408 735
93 201
754 46
619 756
687 404
122 522
513 216
758 418
802 937
780 589
26 64
498 834
958 688
195 311
258 252
699 858
933 170
627 607
696 67
235 14
63 604
881 472
753 309
263 899
191 791
317 345
330 401
595 879
244 916
844 561
892 965
184 709
84 990
630 959
324 717
338 138
273 795
450 896
582 299
206 967
977 192
321 345
657 499
386 305
28 85
362 232
100 438
723 91
421 371
356 500
157 593
307 686
686 529
30 855
258 751
821 960
480 714
372 6
848 8
582 737
112 178
396 471
205 874
518 385
571 804
808 574
602 144
504 530
618 242
117 936
283 90
803 163
827 727
55 802
104 122
807 411
585 666
865 618
620 178
519 630
38 104
674 417
156 990
797 682
849 174
425 120
831 657
532 864
742 99
659 772
738 487
852 88
554 673
25 694
262 964
886 388
233 299
298 972
535 764
985 627
722 530
9 336
566 272
644 708
580 929
212 595
754 77
349 55
296 127
427 215
254 958
544 636
361 373
837 47
369 294
312 147
257 347
694 721
503 608
358 509
442 278
240 704
116 110
794 33
489 731
65 461
118 651
672 213
4 807
298 160
78 308
476 411
248 314
569 138
57 311
189 857
777 300
336 198
947 329
21 192
82 175
360 581
598 782
35 646
680 961
193 942
611 749
968 779
509 829
72 663
253 488
365 169
548 354
153 730
553 652
883 909
372 210
181 921
420 672
632 921
811 984
209 612
454 594
695 787
3 780
415 272
236 928
563 263
882 236
665 707
391 105
985 944
20 136
799 135
42 979
252 384
438 466
858 958
543 402
952 601
815 821
898 491
864 709
977 404
407 256
780 510
148 580
415 410
604 237
975 57
523 645
970 127
349 405
587 794
700 185
319 951
463 659
862 617
517 877
781 505
224 767
478 428
928 816
395 328
342 922
579 87
987 596
28 379
967 555
615 358
674 859
2 261
426 90
673 989
534 314
253 303
381 87
468 950
642 158
868 808
559 383
986 403
631 839
130 190
880 179
733 847
345 472
767 73
601 717
613 165
935 39
42 189
859 106
97 917
584 217
340 875
351 217
740 746
469 500
912 23
525 470
38 907
424 636
582 409
670 556
162 695
568 796
784 305
405 725
64 803
292 182
872 647
522 776
954 481
833 542
677 614
34 973
565 557
980 681
190 204
280 554
631 662
427 595
523 155
540 563
946 814
882 59
623 762
4 204
695 823
432 871
777 222
659 238
452 237
539 541
715 979
683 128
152 215
170 150
523 685
881 626
105 18
433 943
575 879
841 980
707 400
426 127
551 740
281 234
271 613
499 889
711 147
267 187
320 805
762 634
748 953
899 390
687 398
143 681
305 450
154 905
455 703
528 789
516 903
868 205
369 443
428 548
518 105
792 115
274 650
8 314
198 84
592 414
750 985
806 346
599 69
600 724
528 360
91 496
510 114
916 513
911 223
512 955
505 92
23 130
877 889
562 38
183 438
732 533
195 495
603 493
506 985
887 900
524 111
39 755
622 233
416 775
326 284
24 188
421 8
650 946
200 397
727 362
423 571
838 753
295 379
449 411
675 53
111 735
51 183
871 35
719 139
871 898
747 944
814 825
73 895
793 73
308 408
400 571
151 223
380 576
507 564
648 850
5 69
384 374
361 394
98 689
658 950
210 392
661 613
907 570
229 158
612 176
65 703
649 167
760 869
868 611
961 398
124 655
514 894
371 846
266 459
422 620
689 184
259 790
380 794
614 914
911 301
850 830
546 489
932 832
442 434
297 504
876 987
355 505
300 208
416 740
550 137
513 305
861 342
990 738
763 755
762 172
125 237
504 710
693 706
149 42
323 20
214 873
697 527
677 728
622 815
179 299
905 691
818 709
38 745
239 629
149 706
937 919
702 734
266 369
257 317
366 516
723 439
307 710
724 70
575 544
308 660
44 116
76 186
180 811
459 29
996 869
54 32
327 812
198 443
671 844
37 24
27 552
673 591
710 335
244 720
495 501
686 978
516 92
2 874
841 741
452 106
713 566
592 869
111 130
943 135
101 682
639 858
448 961
183 873
158 498
406 7
606 223
512 515
596 294
199 544
896 784
108 256
84 668
91 480
496 976
378 366
864 329
430 467
70 14
542 766
326 696
983 216
836 325
641 923
663 625
387 810
591 306
283 788
603 462
708 628
427 444
862 73
552 127
649 625
555 795
845 721
627 637
547 618
93 634
86 669
103 293
447 490
720 30
426 412
770 641
464 352
422 969
834 922
892 755
681 647
491 486
866 300
389 552
185 637
893 507
615 334
970 859
569 840
945 603
884 278
19 82
176 697
368 671
268 380
219 617
137 341
152 825
310 660
683 921
952 629
197 631
281 179
509 161
383 937
577 561
255 692
770 453
483 180
220 676
962 13
926 721
384 547
460 995
481 557
791 771
417 167
357 375
843 884
699 648
355 60
352 291
323 94
588 312
514 376
572 157
763 790
876 60
81 646
104 403
841 195
31 464
262 161
633 642
363 330
691 654
389 600
702 367
465 655
376 678
77 640
303 860
30 339
752 503
711 304
664 442
769 394
792 599
994 189
1000 764
716 206
949 675
718 645
444 768
350 146
471 47
888 821
827 300
301 790
1 273
497 725
761 144
596 47
902 132
432 348
200 336
21 688
84 962
738 458
488 156
79 969
67 806
251 533
120 838
304 420
731 156
448 892
668 149
561 701
932 585
620 107
677 773
302 685
13 988
843 153
74 516
928 808
903 493
915 288
343 306
550 955
333 525
154 193
188 537
899 503
348 543
282 607
361 192
776 285
277 474
340 962
806 577
983 626
795 779
255 161
488 535
431 412
373 142
875 806
524 259
936 341
587 362
43 850
857 507
468 552
724 265
425 918
275 576
813 598
640 197
221 392
322 700
173 939
719 895
349 95
121 998
114 642
907 693
474 367
558 342
764 960
18 133
44 126
778 890
722 562
619 40
377 716
400 751
164 444
260 644
694 774
108 336
243 536
476 94
12 877
960 684
88 231
25 16
818 909
901 954
56 182
568 640
61 343
521 938
75 523
334 743
318 663
318 768
386 166
712 53
880 783
635 579
558 734
828 341
145 825
43 461
360 984
199 910
837 40
235 941
267 994
4 3
55 869
815 484
751 188
413 549
71 623
925 441
574 508
532 733
290 234
643 998
563 148
249 833
134 528
437 123
138 974
50 98
148 556
29 860
352 191
482 119
440 723
439 830
810 173
583 434
190 315
155 832
978 470
353 56
362 182
786 202
26 327
874 760
535 959
608 875
389 832
439 762
298 798
633 413
868 334
514 801
214 86
977 409
32 971
965 630
875 477
993 768
455 772
367 616
408 619
330 823
210 891
279 407
253 500
131 224
586 467
473 870
900 117
572 951
40 274
939 441
690 434
286 148
638 898
968 451
291 288
979 823
177 842
475 555
157 526
270 113
750 301
938 334
559 754
839 791
49 701
741 660
818 542
700 545
593 793
355 19
227 527
500 415
26 519
964 36
782 921
280 642
332 624
388 492
109 558
187 173
287 89
890 529
900 529
424 348
747 194
556 247
538 329
153 17
757 350
998 72
393 61
283 322
736 359
531 227
584 395
894 15
50 399
82 798
679 52
375 472
241 701
886 265
150 493
11 570
149 970
729 302
18 479
927 358
989 170
14 933
137 188
446 855
508 553
433 174
42 483
425 429
333 401
135 572
139 787
804 266
606 836
846 826
199 176
889 706
494 417
657 560
226 85
178 364
132 547
963 664
549 174
626 538
671 889
811 1000
49 638
837 792
316 611
554 385
803 507
97 553
863 950
799 145
778 865
150 201
22 527
230 481
208 745
197 19
602 979
342 181
901 75
10 230
256 368
626 876
351 80
842 61
366 1
219 254
135 924
203 930
853 586
424 416
395 943
79 501
982 291
915 471
909 309
712 703
261 461
232 623
545 737
329 940
325 101
344 885
730 268
147 915
195 398
33 252
517 202
605 151
484 118
947 67
767 465
314 649
948 778
255 735
908 280
931 575
173 172
454 404
211 581
3 231
293 484
698 393
152 398
585 227
931 627
766 863
171 957
939 20
419 999
57 933
820 672
478 401
773 455
279 106
381 830
412 1000
646 167
650 854
948 96
590 396
476 146
155 475
481 601
775 68
467 323
738 707
971 922
271 968
90 282
181 151
586 483
331 800
13 829
476 892
991 862
298 756
546 385
262 177
439 501
417 693
890 156
105 510
828 897
110 421
386 882
991 874
339 85
518 963
372 237
502 775
576 967
87 739
517 692
645 377
168 963
656 296
294 370
459 856
381 591
458 835
168 460
249 154
157 678
584 722
413 845
311 181
216 484
994 119
532 77
375 119
28 482
643 971
535 614
54 859
304 886
597 526
946 661
486 171
316 275
278 715
21 24
395 320
513 107
820 717
391 502
765 835
203 822
765 36
140 998
108 640
338 698
916 245
823 436
344 63
343 313
784 387
520 623
98 466
457 813
551 576
919 828
684 74
755 531
109 654
301 887
129 192
479 573
238 381
665 917
878 285
529 599
812 705
757 80
616 828
810 843
197 965
457 512
451 751
354 621
973 866
736 596
635 530
717 180
376 52
945 6
582 531
201 462
313 474
65 824
9 839
279 924
935 424
382 715
608 224
822 141
356 337
463 982
555 154
943 202
170 785
744 883
169 469
835 86
696 953
141 816
281 261
877 215
742 829
447 865
793 469
9 265
957 244
206 374
357 443
44 550
441 495
678 423
725 883
847 328
96 2
382 189
89 391
191 335
947 364
662 319
337 961
194 820
704 799
649 805
58 399
539 332
919 187
739 502
764 333
685 981
370 229
534 553
160 515
995 112
504 1
577 437
749 378
977 628
758 124
121 81
569 211
530 250
932 964
292 883
980 777
911 35
993 478
461 666
737 595
443 824
648 976
989 942
753 759
688 857
567 753
430 510
748 318
511 250
214 818
744 621
99 357
605 478
824 699
819 340
689 629
7 59
547 453
779 956
928 988
969 931
831 853
885 83
796 945
220 678
784 904
360 997
430 213
534 844
984 283
853 126
834 654
638 337
518 119
171 436
175 879
952 785
6 363
718 260
846 273
229 490
756 565
965 33
852 281
131 956
241 466
849 858
658 123
974 485
606 129
390 456
107 222
37 826
332 548
69 175
672 238
218 774
551 978
761 964
40 199
554 115
816 133
804 452
728 347
291 716
521 473
625 230
99 768
930 95
995 895
525 71
335 212
432 915
205 949
11 246
110 373
123 117
289 121
909 426
698 263
185 33
241 506
588 654
567 414
61 303
781 906
82 670
267 978
212 198
683 789
232 63
339 462
134 941
836 647
16 284
319 4
120 54
851 128
788 115
492 898
667 770
353 320
925 213
496 628
560 102
326 440
21 250
7 802
207 796
528 219
614 182
612 796
116 118
905 136
908 355
542 564
906 78
592 924
509 975
583 820
464 95
515 78
218 758
777 297
583 32
499 266
950 153
759 746
670 956
166 163
864 165
130 93
15 893
55 309
790 801
402 221
785 227
684 460
194 440
52 591
624 680
368 894
910 380
789 408
610 986
486 317
344 322
88 66
22 935
113 235
196 565
920 256
913 873
282 970
551 93
117 466
761 392
328 446
801 617
277 246
253 489
143 903
957 991
831 39
499 589
697 357
588 445
396 508
483 412
414 243
394 712
169 88
49 676
276 270
724 171
485 896
805 729
498 904
464 480
474 982
456 220
37 999
849 705
736 732
600 593
713 537
683 988
880 771
475 607
433 90
648 359
811 280
26 102
249 782
220 594
274 852
409 492
720 89
217 568
92 624
725 975
711 294
786 708
966 458
571 225
196 100
164 789
618 765
573 186
732 925
742 512
765 605
845 656
376 53
370 81
245 165
167 245
920 71
938 511
214 240
916 590
405 125
254 826
221 162
598 274
435 605
428 983
634 703
270 549
196 473
791 966
912 34
83 454
112 550
448 720
3 260
644 296
706 917
454 242
114 861
840 397
838 578
538 580
543 786
48 62
870 23
286 615
242 333
487 927
782 107
239 804
564 971
30 27
165 51
908 816
41 287
837 209
857 103
687 184
379 66
525 268
422 258
675 1000
388 694
959 29
277 850
763 80
982 11
418 664
638 773
356 524
58 302
308 431
218 5
584 102
817 159
236 92
794 267
434 636
94 122
740 325
140 497
271 876
410 559
562 972
714 48
346 808
667 543
56 248
489 193
172 845
679 377
737 310
594 383
633 91
228 184
890 24
76 807
159 31
967 577
564 973
767 137
386 655
185 585
647 567
932 745
888 139
749 86
354 453
371 849
938 126
924 781
76 58
716 471
772 16
34 744
179 494
878 834
247 276
45 457
48 936
423 353
814 186
383 72
146 264
700 797
561 940
506 203
743 217
841 809
421 522
835 661
803 293
313 142
918 211
12 276
446 373
604 241
578 485
427 315
67 72
209 699
532 797
677 240
707 10
245 224
134 997
735 579
374 568
287 210
272 824
186 437
43 487
663 17
278 228
912 586
480 629
587 323
612 842
452 610
390 871
954 610
292 999
923 445
698 727
215 691
252 941
346 69
492 208
980 498
673 275
726 931
983 619
709 286
116 113
653 999
340 856
128 161
886 949
910 536
918 392
759 138
79 854
888 786
219 12
842 74
97 722
393 191
527 83
812 453
115 341
403 994
540 239
558 60
882 669
860 609
159 473
621 304
25 726
285 239
715 350
403 622
519 125
25 800
365 665
485 696
242 244
393 867
901 711
120 68
151 537
848 440
541 363
451 957
405 104
819 652
893 331
774 145
177 997
447 80
303 53
15 948
226 497
45 414
142 974
570 206
888 524
736 501
637 734
887 771
132 817
641 897
318 479
853 728
152 793
234 289
891 469
233 780
100 375
904 140
731 131
839 146
472 247
826 436
556 548
437 302
251 519
531 664
936 81
79 934
234 462
354 730
723 262
50 435
954 66
912 833
787 418
449 47
235 639
675 345
799 289
665 446
231 344
992 569
194 958
309 371
320 604
260 158
562 718
410 514
338 175
832 126
269 616
745 658
482 900
78 506
176 229
537 730
902 101
873 32
981 534
951 297
136 295
374 463
64 36
652 133
827 821
884 822
306 517
933 228
162 282
581 650
602 752
641 31
515 495
594 250
953 422
321 539
867 590
987 910
792 31
526 246
734 377
319 798
415 996
718 996
995 124
766 51
141 817
690 407
708 746
966 207
95 968
622 972
634 913
867 254
643 163
268 905
884 370
934 162
639 540
687 315
934 487
166 669
907 651
407 43
589 366
76 697
16 526
902 477
150 109
273 143
944 275
160 467
259 459
418 352
5 662
208 41
902 387
881 423
946 653
671 225
251 630
565 684
621 168
676 2
511 520
365 779
113 494
28 406
885 410
168 726
488 129
992 292
822 880
450 589
930 449
541 966
401 477
338 942
172 536
757 402
750 71
288 878
325 111
854 289
490 913
468 109
609 917
228 770
347 435
848 748
955 891
783 685
986 879
541 987
1 653
331 689
264 726
62 70
225 896
776 731
59 205
213 279
271 140
307 601
913 238
230 57
863 406
549 359
431 277
178 477
997 378
631 969
356 927
409 89
64 442
232 385
326 520
221 807
164 833
310 335
142 246
290 752
218 688
870 662
54 926
103 521
141 660
583 251
947 747
243 435
465 926
763 570
169 136
45 123
23 155
769 937
212 838
121 810
679 691
276 27
470 324
805 885
714 656
976 878
134 397
945 894
391 778
578 147
35 394
815 761
203 742
44 573
387 546
856 431
944 676
94 62
930 482
635 299
490 248
829 110
609 986
870 960
573 611
679 901
445 861
255 863
382 702
20 419
747 680
216 739
269 847
99 705
406 989
579 211
616 929
49 993
872 939
602 106
598 636
929 493
449 522
22 143
693 264
682 855
941 881
906 632
399 201
451 430
927 306
68 729
339 975
193 608
609 284
468 131
914 809
721 56
682 310
429 491
620 448
145 367
396 656
97 12
63 539
922 758
288 856
457 399
704 891
962 62
68 817
364 456
200 836
129 321
388 904
19 70
893 538
851 332
389 719
486 433
948 690
588 599
840 87
795 37
926 284
9 704
797 196
226 655
445 160
533 36
479 934
788 973
729 359
862 122
505 290
540 295
368 705
852 590
895 567
225 343
416 872
637 404
272 800
840 497
83 436
293 18
441 296
788 285
125 754
760 45
108 819
5 46
955 702
494 187
949 646
651 243
710 920
27 29
681 635
831 118
428 259
365 450
74 521
144 752
17 906
465 327
867 759
286 866
574 633
200 347
103 503
861 643
316 100
223 929
312 240
324 508
209 903
952 269
447 139
974 666
13 918
545 287
908 911
174 666
258 204
692 233
60 264
363 923
321 992
812 15
897 41
769 420
644 265
783 887
316 830
351 652
855 59
520 659
204 544
695 563
202 776
728 163
7 328
290 456
