666 1992
374 244
193 195
525 582
484 295
117 97
262 166
96 275
415 565
41 127
345 601
583 383
632 271
16 510
574 294
13 547
343 32
56 43
343 266
655 43
162 141
298 407
659 512
154 651
219 463
54 557
475 112
600 507
347 654
540 371
328 642
471 270
646 37
5 425
591 63
125 504
491 631
644 292
486 113
202 249
276 459
546 76
458 254
651 351
186 203
24 308
194 213
374 334
516 449
72 308
469 68
519 620
222 154
223 379
142 250
631 224
482 45
82 99
346 589
43 364
180 482
136 286
245 507
240 500
514 80
273 320
2 372
529 248
371 309
586 248
662 356
1 662
138 130
601 39
352 216
174 451
76 460
553 50
495 392
418 495
512 336
472 296
660 213
604 617
31 234
91 360
658 649
67 500
418 178
599 87
297 12
376 38
640 417
367 308
129 628
556 554
478 71
282 218
538 588
546 385
171 482
256 365
61 325
465 70
376 284
187 95
615 322
655 602
306 5
367 539
275 577
351 578
277 77
298 558
173 510
15 108
360 211
465 119
113 567
190 232
266 131
461 429
139 347
76 316
428 633
52 225
660 567
103 462
190 528
258 518
398 319
254 600
174 471
623 53
412 107
543 242
246 325
276 323
485 545
337 568
234 511
486 182
258 418
196 244
218 76
552 611
326 481
278 515
281 329
390 212
394 446
548 397
62 241
176 117
524 325
482 575
612 467
536 566
629 636
35 150
634 297
208 193
209 291
409 539
29 234
295 329
606 380
393 214
204 32
163 372
384 7
26 249
158 252
410 198
331 470
165 645
647 437
196 267
617 538
605 621
246 239
170 265
61 121
488 126
500 579
228 455
77 374
58 310
437 341
611 447
480 578
324 175
514 186
20 176
365 503
432 232
274 537
268 352
409 440
466 223
83 182
203 262
137 173
341 132
340 366
151 573
160 552
226 334
23 381
531 445
373 111
30 313
527 305
575 163
635 279
362 175
342 542
366 505
72 6
241 226
432 531
461 274
36 273
430 576
95 78
434 63
301 348
509 10
323 247
20 568
202 187
604 336
290 286
391 534
219 28
207 272
650 200
225 25
548 365
218 603
633 103
75 114
520 25
363 562
307 355
525 126
159 623
442 576
531 213
590 134
424 658
353 640
197 144
168 97
219 89
659 63
228 110
326 550
430 72
60 209
525 118
184 399
271 599
598 542
508 616
449 76
221 556
457 284
269 662
137 264
279 101
248 390
277 312
421 633
433 184
449 79
144 559
403 463
39 165
520 98
331 664
45 463
166 560
85 301
380 363
16 143
92 53
218 320
169 452
81 596
287 623
115 487
551 458
353 580
270 97
365 369
366 377
553 597
320 158
3 208
124 293
475 388
263 535
433 29
255 233
378 647
3 468
631 156
134 575
19 559
252 544
129 389
337 657
37 232
180 181
380 251
340 198
244 440
524 193
260 516
404 527
489 582
545 121
401 386
261 357
480 479
108 665
420 341
635 576
281 232
440 144
467 626
479 620
193 353
229 199
27 569
265 347
45 431
86 188
110 504
611 138
262 156
555 95
624 526
56 493
455 419
151 486
571 194
372 439
170 298
116 591
490 366
335 190
314 207
471 601
453 152
565 19
332 422
106 410
138 373
223 436
333 211
70 434
492 279
325 171
267 605
191 233
509 467
20 374
364 427
387 470
657 344
594 422
577 63
370 16
374 354
627 63
357 341
550 107
651 522
303 459
174 242
248 662
253 123
603 158
137 71
173 40
152 356
55 279
179 505
324 148
414 536
522 459
213 348
434 9
303 635
206 117
215 653
627 108
119 530
212 65
351 5
487 107
314 321
84 327
107 164
640 24
48 614
493 8
474 136
476 206
333 213
148 497
359 25
255 135
392 168
605 551
462 500
15 68
356 442
79 280
413 485
97 293
291 573
414 181
2 538
540 269
640 657
218 332
259 452
105 558
459 160
553 344
605 595
103 210
544 642
92 450
654 220
320 509
438 316
164 12
536 480
653 508
405 256
515 498
143 522
70 13
348 10
390 421
238 31
369 178
509 476
192 52
260 550
181 475
532 319
632 608
342 69
228 538
533 339
259 157
463 184
21 264
510 397
111 18
394 172
616 445
494 167
128 182
447 624
22 62
599 240
380 150
577 61
514 212
190 316
155 294
574 315
602 413
584 254
28 549
571 535
242 566
362 379
115 321
440 539
40 84
624 207
556 242
385 226
294 507
272 513
8 88
499 530
550 278
613 59
292 194
264 196
369 416
80 3
322 477
468 622
566 158
443 398
261 584
295 125
617 7
43 666
472 440
515 11
236 511
411 338
35 197
449 324
62 470
324 195
536 245
262 610
321 77
420 544
529 57
417 19
81 140
51 122
625 526
395 568
497 560
630 479
665 650
192 78
118 337
231 237
638 413
664 419
641 18
30 473
426 433
44 408
298 607
621 89
433 628
15 481
409 654
176 368
596 210
11 185
280 227
511 585
558 114
83 348
169 441
665 155
23 221
315 529
491 421
583 75
198 262
42 319
4 591
549 257
419 310
299 290
203 455
609 335
159 260
361 350
510 585
659 380
168 303
653 219
600 293
167 552
353 581
595 319
581 240
73 100
656 450
473 301
235 313
9 139
217 452
282 124
129 521
562 222
148 318
211 238
399 156
626 567
198 528
569 312
622 368
618 561
505 53
250 137
89 572
444 642
459 49
264 64
473 570
387 542
221 241
339 320
430 557
312 281
472 279
397 302
538 445
409 9
137 198
402 463
307 215
66 571
257 488
515 141
403 66
74 64
456 523
25 650
216 128
329 44
427 326
572 530
147 96
649 16
85 92
578 338
608 14
391 418
104 229
243 145
34 417
541 166
6 399
487 505
175 159
92 447
622 429
230 459
29 179
268 392
413 377
285 243
427 22
613 196
314 368
344 513
663 435
162 439
100 200
149 303
125 98
626 506
188 443
566 122
582 450
42 582
443 553
350 457
546 484
527 362
615 648
300 192
200 626
307 37
285 19
616 541
347 661
649 263
143 572
239 251
577 207
174 273
22 457
474 443
220 245
254 464
587 369
256 318
311 22
365 67
8 386
248 458
410 276
656 642
257 633
103 378
337 255
283 643
572 229
168 644
243 571
86 636
349 555
161 256
447 126
33 14
569 171
647 74
31 187
1 629
67 151
149 354
556 60
421 332
184 304
368 159
299 87
633 386
586 128
410 537
446 486
120 118
235 523
615 228
184 327
478 420
347 593
155 403
234 262
554 251
46 392
489 330
159 551
177 535
140 493
619 294
617 416
662 90
661 545
642 160
636 632
308 516
598 534
270 371
116 111
389 53
31 70
153 305
649 245
498 291
253 444
616 619
295 625
40 652
56 78
129 269
400 306
288 27
231 354
52 147
518 555
211 447
637 89
474 266
132 428
535 99
632 530
601 357
597 665
382 304
44 570
361 498
360 377
666 542
361 39
239 602
529 393
72 236
400 12
523 600
149 652
309 65
133 296
624 261
163 395
591 88
593 659
397 41
434 215
579 313
58 231
603 9
321 364
246 646
556 91
90 358
177 113
441 517
142 234
1 91
90 401
630 510
518 409
398 195
54 569
387 235
401 592
522 382
292 5
412 471
573 557
174 236
240 406
24 298
386 357
345 476
84 494
266 295
406 136
520 161
634 54
465 75
656 118
609 7
594 481
547 516
210 343
111 574
437 589
274 2
333 230
285 48
340 291
234 211
272 629
35 529
381 384
94 481
457 193
622 153
135 21
110 244
117 129
514 219
507 390
581 162
102 551
483 49
220 648
631 554
402 305
199 506
588 275
131 162
610 173
30 151
656 405
314 63
595 382
84 214
614 403
559 232
66 656
502 497
80 292
397 123
19 155
120 301
399 453
442 44
429 4
184 26
215 395
586 61
415 81
521 288
428 280
608 433
101 64
388 646
571 28
660 31
151 436
92 42
561 384
648 412
489 537
106 382
72 246
635 39
75 27
661 264
66 592
164 172
523 641
449 239
68 478
210 646
508 189
11 165
646 305
315 192
370 644
255 266
30 578
422 29
8 367
150 497
427 255
130 326
527 438
660 322
325 504
126 55
373 25
109 278
629 513
490 477
231 491
524 532
384 532
201 373
171 364
225 296
424 17
263 388
330 485
634 10
59 249
654 289
611 133
196 492
413 162
617 168
11 233
136 623
203 602
335 120
182 7
12 317
589 126
600 360
451 123
462 270
68 26
302 641
651 412
280 265
543 594
122 339
73 59
114 267
140 133
600 561
423 167
346 466
13 407
534 71
585 430
37 597
466 64
230 194
471 467
195 384
639 664
472 259
564 302
519 375
404 614
289 317
208 403
65 51
178 370
38 124
554 664
419 659
15 603
614 466
436 33
65 375
230 568
664 207
194 271
501 539
441 166
516 51
416 123
452 574
76 277
94 172
350 217
329 362
123 142
445 330
147 361
536 355
12 227
574 555
169 241
225 120
505 82
643 269
636 143
429 639
554 528
516 388
626 415
531 185
598 432
238 328
607 226
417 48
154 381
557 309
265 406
637 157
481 55
200 107
9 5
189 95
455 238
90 158
171 402
502 442
158 198
246 149
83 666
477 97
258 285
550 394
586 79
402 425
376 171
310 187
456 528
144 343
334 565
628 165
185 466
205 328
353 630
541 578
176 612
437 338
561 258
380 517
138 134
32 408
514 320
349 289
74 317
618 450
34 515
201 230
142 299
3 414
127 65
113 652
608 612
504 199
79 377
587 131
525 108
601 408
517 227
11 458
50 496
105 383
512 245
435 241
520 399
585 89
632 304
222 37
534 317
104 594
448 94
557 129
68 150
96 3
69 299
484 663
443 612
315 46
331 641
136 294
7 21
238 453
473 227
214 592
238 89
52 585
316 501
431 503
224 23
345 381
293 545
387 506
393 153
157 473
461 135
202 411
172 605
322 350
124 571
639 465
404 232
73 292
147 249
636 637
284 650
299 425
4 57
378 552
132 206
172 250
313 441
78 21
630 21
383 612
336 100
115 429
191 102
115 425
545 592
49 144
379 201
472 389
210 284
591 480
286 124
585 96
291 204
311 240
454 655
203 638
495 133
208 339
219 627
594 35
99 598
611 288
649 66
130 366
295 1
469 475
502 431
103 558
154 564
109 45
110 391
407 524
145 157
651 239
91 351
203 454
505 87
404 511
456 464
137 539
536 223
617 469
32 305
451 311
85 166
212 636
348 332
387 622
465 41
349 385
314 24
208 249
128 567
557 80
29 596
474 422
543 638
324 209
362 214
493 282
372 624
491 141
408 346
236 1
431 174
34 82
125 544
287 398
627 312
648 281
444 396
110 594
560 440
282 437
358 609
170 173
476 474
106 141
244 595
655 502
415 453
587 547
460 20
309 93
573 105
180 133
537 603
130 426
422 218
49 125
641 489
47 215
17 93
237 500
138 445
223 629
300 353
339 83
367 267
408 143
150 504
105 111
267 583
35 156
177 269
201 455
659 42
396 50
590 179
50 67
541 73
132 145
558 118
91 13
379 590
339 205
479 257
14 183
462 651
55 400
519 167
583 519
549 342
121 431
93 84
352 462
191 495
104 294
448 86
540 273
205 141
41 67
482 582
403 579
183 453
506 47
620 104
521 237
292 77
271 388
110 581
23 62
572 168
189 621
233 4
342 191
381 650
359 468
71 371
544 359
135 127
442 187
154 83
260 379
502 639
222 643
494 547
470 82
477 274
314 214
392 116
321 377
549 300
543 438
215 4
349 510
652 439
256 336
281 538
602 543
467 657
23 96
370 225
116 47
206 432
126 606
533 661
644 263
631 229
299 288
91 391
378 535
40 467
183 595
489 643
189 33
58 475
327 555
16 48
43 486
51 541
492 364
476 283
579 415
130 311
522 375
252 344
531 95
87 57
57 290
300 44
570 486
575 514
109 265
21 647
478 421
408 54
100 272
259 573
446 38
458 520
257 170
589 61
644 503
412 587
417 367
586 548
242 132
105 418
189 41
316 53
478 451
88 77
575 493
22 345
70 290
549 335
98 652
401 237
355 139
62 290
484 199
88 414
167 528
224 639
106 508
54 115
47 75
271 560
359 247
142 36
393 93
628 401
124 509
287 222
296 213
465 410
206 589
317 419
445 221
433 131
482 464
274 411
527 463
618 547
548 253
175 247
361 249
273 70
488 116
593 641
49 616
487 461
289 398
266 338
531 160
490 582
246 122
205 453
136 483
663 533
605 420
424 143
336 570
405 183
127 60
496 604
640 36
349 428
32 363
480 365
3 62
118 438
82 534
289 99
212 6
351 579
7 428
485 501
568 40
297 160
400 407
251 503
509 69
34 409
464 461
350 645
375 532
451 376
526 328
245 304
188 359
20 233
562 261
491 568
569 283
446 270
39 414
78 573
331 13
533 580
631 57
268 457
113 621
17 52
176 56
67 604
277 454
14 580
223 405
341 275
288 180
311 100
169 354
561 350
153 15
177 42
634 597
166 416
278 435
537 287
267 609
90 58
153 132
450 307
15 583
448 512
10 552
637 346
45 42
656 25
452 280
209 105
613 494
434 268
658 461
18 228
343 340
247 607
155 620
252 229
149 460
202 313
326 588
80 199
244 328
319 621
423 393
323 361
468 356
194 47
209 448
307 73
499 483
68 6
327 188
216 69
526 601
8 188
356 402
343 101
169 539
626 379
613 56
134 499
71 96
375 48
623 663
318 423
437 420
46 197
230 610
477 284
263 49
513 251
88 524
224 331
425 419
578 523
590 139
637 544
580 640
243 436
33 426
271 182
523 288
191 172
250 499
383 630
608 298
410 269
478 167
204 598
464 6
619 590
372 152
500 511
227 112
101 618
488 9
141 138
525 368
424 178
654 200
102 545
520 252
311 123
94 375
291 202
40 591
247 253
396 327
639 337
606 425
33 27
334 513
75 125
121 112
560 239
496 643
222 494
357 183
612 610
431 27
161 543
323 102
329 268
352 494
44 321
119 264
29 177
658 456
287 6
592 369
439 146
588 526
367 94
278 635
185 268
107 562
164 610
282 402
338 182
475 457
643 254
603 319
130 476
529 72
396 301
442 469
186 563
564 237
405 322
135 133
451 646
305 101
413 394
376 131
477 212
46 386
462 229
429 634
303 609
243 146
66 661
128 152
114 444
251 386
60 490
120 116
512 456
655 621
533 551
563 209
86 146
81 436
503 161
592 648
303 147
498 51
84 201
150 199
468 297
378 60
642 389
430 216
613 618
657 655
146 616
423 59
497 663
205 649
119 304
276 104
363 93
283 74
17 389
169 98
532 563
144 81
276 38
93 85
160 161
347 58
382 94
14 102
28 296
563 469
532 235
197 485
400 88
273 378
349 381
376 80
566 52
329 64
185 115
530 420
447 444
604 260
163 528
145 334
38 602
584 228
471 370
257 318
550 2
242 352
235 333
119 248
407 4
145 460
395 368
628 363
180 359
629 397
34 563
637 79
181 404
54 188
175 217
259 179
638 191
109 565
318 342
306 454
384 286
217 316
362 559
192 610
297 165
501 225
170 306
250 306
519 206
565 46
358 163
537 484
554 302
653 307
389 8
330 373
645 559
664 588
481 622
69 423
22 371
81 325
217 250
192 620
521 561
2 435
26 237
90 665
540 181
304 435
627 121
221 470
506 468
632 382
12 634
645 351
580 189
439 501
570 278
392 485
542 323
438 599
559 164
318 606
487 575
308 369
38 535
527 159
227 53
30 385
491 418
432 201
119 122
226 135
450 20
205 208
32 584
2 635
69 1
98 140
322 140
163 164
588 555
326 498
391 309
501 87
474 502
511 180
522 508
348 195
466 272
33 117
296 479
546 235
613 614
524 401
590 13
393 64
23 620
662 411
19 534
170 647
508 439
358 546
272 240
424 411
92 260
665 47
412 417
356 183
60 624
563 193
65 27
574 51
312 406
117 274
483 43
258 455
364 186
354 615
14 301
472 606
519 175
155 352
308 300
17 517
360 74
540 310
564 315
95 243
18 355
625 108
58 517
114 178
452 383
109 77
546 576
111 483
204 324
355 518
78 492
497 581
521 454
285 315
281 36
589 332
355 179
426 541
344 134
607 473
598 277
587 270
282 436
483 24
289 427
83 186
579 515
518 638
572 625
372 24
146 236
224 261
400 82
363 277
127 533
517 430
57 521
121 395
256 650
36 302
342 581
216 406
45 596
652 176
331 59
567 346
492 577
374 252
570 112
660 469
36 220
74 31
30 653
530 151
18 607
564 619
552 597
593 333
122 428
181 427
204 407
86 106
338 106
61 434
406 460
210 647
152 448
446 370
587 157
153 580
333 645
399 55
577 102
345 300
86 618
99 26
157 283
50 265
627 506
360 139
615 10
131 28
596 283
16 464
334 648
625 593
498 619
566 553
489 593
258 569
310 414
542 576
358 492
178 564
202 211
446 73
50 207
337 259
540 512
152 220
327 415
576 216
217 261
630 567
660 416
221 441
396 609
395 513
190 607
317 231
310 584
385 253
103 226
488 112
525 493
236 306
280 224
499 565
79 638
165 654
85 173
388 599
18 432
247 479
340 394
140 56
504 149
344 499
487 276
653 562
26 179
366 177
435 657
279 190
560 104
596 424
5 220
454 345
287 496
661 255
615 495
346 254
28 422
162 336
187 562
507 10
286 148
87 645
549 547
448 387
383 128
332 290
503 438
156 398
204 330
148 584
328 490
297 416
490 495
127 426
586 313
354 263
390 449
411 604
441 41
608 556
113 161
551 185
39 658
444 233
335 394
214 373
284 147
484 99
377 85
34 285
37 108
340 154
507 526
666 59
323 623
101 614
611 330
421 231
286 17
460 98
548 146
423 341
46 443
458 583
275 553
663 480
186 597
619 48
496 633
35 396
488 390
120 628
241 293
145 139
644 312
112 405
518 156
197 404
470 606
302 55
11 426
142 275
197 599
148 97
335 357
625 293
666 358
595 666
496 134
109 196
195 385
