500 1993
279 405
473 373
213 267
132 210
160 273
358 216
238 462
403 286
204 290
41 223
221 27
393 471
486 16
339 106
229 179
433 344
202 57
377 287
88 216
357 291
321 154
324 487
155 358
346 298
468 323
40 204
56 442
455 458
98 36
496 137
237 64
469 481
105 163
274 60
371 54
402 79
70 402
222 154
252 382
164 55
57 275
183 172
229 68
186 497
97 473
246 221
383 348
265 42
445 341
487 52
462 42
154 30
461 65
268 126
499 364
449 494
81 216
156 78
469 238
466 241
169 165
53 460
388 254
116 138
97 250
496 468
461 469
451 33
302 136
215 289
392 429
429 129
258 416
56 353
319 207
362 445
476 486
361 231
23 408
354 481
187 239
473 282
470 87
102 270
24 169
326 20
304 26
160 35
461 317
347 95
130 315
263 233
202 250
127 272
188 176
364 275
275 342
51 259
254 185
260 485
83 224
197 328
150 393
287 365
100 396
364 198
137 31
342 475
257 95
236 373
5 87
227 123
454 404
216 130
121 470
301 349
56 156
258 72
396 470
339 338
194 389
376 142
209 173
22 148
208 18
80 268
494 463
158 308
211 294
269 142
306 50
381 57
111 71
325 328
415 18
308 243
319 15
110 237
222 469
121 455
147 222
116 491
321 173
280 484
62 131
100 270
477 228
27 418
178 52
37 123
184 149
266 407
402 259
17 384
45 384
486 30
127 495
278 183
159 86
406 387
218 386
14 170
159 457
135 58
361 398
500 187
255 72
225 85
355 19
161 391
113 317
397 46
440 231
497 488
407 256
417 179
374 318
332 435
269 121
58 163
354 310
202 242
119 178
208 67
497 236
89 240
3 421
4 278
111 313
272 443
388 21
335 310
383 17
357 222
84 172
218 245
185 449
229 134
214 368
191 411
276 386
20 257
297 355
32 122
152 194
113 311
49 413
378 278
366 232
414 45
330 283
399 201
66 274
51 332
483 335
201 11
202 142
340 38
163 372
293 247
442 75
5 202
152 360
345 136
166 450
408 154
236 332
365 324
247 251
23 63
494 223
366 305
74 351
185 499
440 256
331 104
19 494
197 379
223 109
479 239
335 428
106 349
434 251
460 7
279 27
326 41
201 312
46 481
89 280
10 206
196 226
31 434
246 160
127 338
158 79
341 31
76 374
153 414
474 216
6 73
253 135
93 453
206 31
247 412
404 488
388 442
268 496
448 244
156 115
225 240
61 245
2 4
452 113
125 405
450 397
413 180
305 90
418 249
284 400
387 192
286 275
342 26
138 101
3 253
424 153
465 60
374 336
151 103
455 257
56 248
392 127
244 266
113 26
39 366
81 118
125 40
177 120
441 381
307 212
297 204
53 292
352 355
471 483
12 224
221 23
495 296
281 492
88 447
313 333
450 348
72 297
34 410
152 432
139 90
42 332
392 210
305 489
474 301
377 87
69 48
428 354
54 32
185 226
482 363
203 398
239 99
425 397
148 195
33 185
39 424
75 415
440 156
220 263
436 128
97 382
183 168
251 189
330 276
120 21
398 404
62 127
250 233
69 258
144 231
16 120
376 395
44 126
42 406
419 343
351 459
463 87
63 232
422 246
112 140
20 42
179 48
475 388
168 244
168 59
236 73
129 177
457 178
25 385
134 336
190 439
198 176
459 400
133 84
305 141
2 391
291 315
404 260
497 259
211 100
193 442
316 468
421 498
499 279
263 309
192 173
163 277
498 280
365 361
245 219
199 354
90 160
282 274
68 367
363 126
264 323
256 150
45 215
239 131
123 104
217 441
324 165
214 480
429 409
210 68
360 191
84 449
454 433
430 116
136 285
73 61
53 252
406 22
357 436
459 86
427 129
361 33
265 318
285 430
280 397
25 235
93 101
286 215
373 4
291 4
14 230
219 377
64 387
161 16
500 81
224 423
257 499
242 178
200 394
174 55
400 149
183 51
138 241
39 391
354 479
59 347
340 214
230 188
20 306
432 11
326 376
292 34
208 341
253 467
27 227
424 453
126 91
123 165
409 261
378 208
460 169
91 282
264 28
385 456
481 13
160 298
83 208
1 396
59 363
57 217
323 46
181 457
390 335
199 243
189 114
316 17
58 64
252 377
276 50
434 320
157 17
356 245
461 417
35 433
480 271
313 373
300 113
12 55
82 384
166 202
282 426
250 304
180 486
218 203
327 295
148 320
360 137
190 467
474 490
67 241
381 298
98 118
452 484
467 252
485 500
331 310
281 300
479 186
108 159
132 76
268 492
353 6
454 83
314 7
119 337
231 175
6 363
149 466
485 437
120 54
12 199
254 386
211 212
101 213
314 277
192 372
108 462
243 313
391 128
489 422
20 68
87 306
420 128
301 357
57 241
341 47
103 346
463 196
139 214
159 419
486 220
378 321
131 365
273 246
244 81
403 446
18 498
382 368
13 458
182 362
211 343
458 293
423 408
235 266
426 395
454 75
35 15
180 315
15 14
258 289
418 470
415 178
107 318
232 297
367 257
390 427
190 298
296 200
8 92
182 144
184 495
224 51
480 464
267 129
386 12
195 444
112 275
165 375
371 17
74 344
390 456
473 37
430 71
258 395
194 411
343 474
142 467
435 238
130 128
29 59
296 228
466 155
294 491
348 424
303 188
241 497
349 155
198 405
54 406
435 437
124 72
145 49
267 426
7 340
124 279
318 260
99 198
98 239
12 33
202 158
317 238
71 13
463 181
226 61
238 387
86 300
492 267
13 407
388 81
463 380
445 323
49 74
346 140
18 496
33 338
393 58
333 299
256 350
116 170
359 422
448 205
24 457
409 200
62 9
117 104
120 411
147 287
271 140
389 319
494 255
112 446
118 48
269 204
310 345
312 240
422 153
252 379
41 243
237 171
439 305
337 37
416 261
66 451
94 489
285 248
332 285
257 109
126 429
336 433
442 478
177 327
322 289
171 351
371 226
286 424
294 100
263 470
133 325
227 471
136 295
170 196
237 330
391 93
121 292
334 284
407 263
18 308
410 284
408 19
147 478
257 334
393 69
489 320
82 215
259 405
8 403
195 8
322 337
64 197
353 394
259 124
167 65
232 158
101 277
193 423
290 460
9 488
500 209
274 205
219 303
326 405
474 432
309 456
24 282
231 165
306 421
319 420
259 219
478 294
352 96
477 46
299 80
147 339
223 441
165 268
335 447
316 275
327 277
123 444
55 221
60 143
213 289
86 189
452 311
4 367
453 211
22 428
206 152
476 244
398 301
490 120
190 78
249 291
320 318
155 380
372 6
265 229
350 364
288 186
319 220
164 156
294 370
84 96
136 498
262 476
295 372
277 431
359 205
348 443
246 277
224 171
329 20
218 438
240 310
117 360
95 431
428 209
347 138
351 484
367 74
230 390
217 169
383 329
108 190
415 138
240 480
337 225
431 119
393 145
401 26
421 26
483 47
291 20
235 191
235 21
269 347
443 183
328 23
416 33
481 373
194 418
7 321
394 292
190 381
233 484
446 335
321 129
474 382
449 151
370 305
46 89
288 243
80 154
162 315
411 429
204 152
415 410
75 465
343 481
337 351
413 171
193 145
80 10
458 438
30 131
273 27
133 476
44 360
496 44
392 111
22 145
407 312
51 456
178 38
400 290
200 22
345 132
487 320
241 445
350 162
491 339
423 292
205 286
105 187
327 330
2 310
482 78
258 419
401 217
266 185
376 106
453 42
233 8
447 331
472 82
303 264
97 333
492 188
116 52
272 251
384 63
179 107
253 314
149 426
162 198
222 69
174 13
174 312
368 284
262 475
438 229
98 172
366 384
473 342
446 328
21 447
215 404
11 182
115 171
304 486
54 348
488 287
187 320
26 43
284 119
108 250
206 438
491 126
428 465
442 149
25 367
295 247
342 279
338 94
74 320
353 477
110 103
167 141
59 473
410 371
300 107
425 242
271 399
184 464
64 47
24 322
60 222
390 124
277 474
95 197
234 290
350 305
199 364
112 329
365 477
260 254
427 476
324 120
135 493
359 298
375 185
437 66
28 235
141 81
403 467
493 331
38 37
359 457
85 374
189 395
400 328
3 40
39 212
64 384
323 150
216 359
151 406
34 269
152 234
47 164
174 32
197 344
462 220
45 495
482 155
287 344
252 286
403 43
174 498
474 273
32 382
395 441
325 203
313 268
392 466
446 113
283 91
430 91
308 83
168 307
103 412
128 26
138 130
315 93
437 13
268 451
218 454
124 60
161 41
410 152
231 414
166 31
367 267
100 38
244 105
243 59
245 167
299 329
405 339
409 67
125 194
485 489
47 245
313 130
423 43
41 358
132 188
203 223
471 40
273 112
180 132
1 276
167 390
144 359
20 136
29 276
25 193
385 314
148 119
77 403
166 290
155 484
260 104
442 377
115 141
77 144
302 117
24 48
327 147
139 416
166 346
102 15
196 263
386 278
177 393
318 430
493 92
422 365
162 131
88 499
330 97
395 396
278 1
349 96
30 101
331 6
274 401
85 362
223 490
8 206
237 186
458 1
10 218
205 24
217 133
16 304
123 326
448 227
377 55
55 338
79 225
71 339
455 369
277 88
311 303
40 443
224 159
307 240
255 137
370 493
82 203
226 406
106 445
226 83
374 261
15 228
462 369
116 63
262 365
378 197
200 329
371 336
273 342
263 356
317 275
362 381
397 180
10 190
49 461
71 36
256 412
401 43
221 118
312 18
412 63
433 125
139 475
500 10
88 469
299 499
164 492
16 411
439 9
379 295
430 306
102 205
440 426
373 296
94 89
251 153
23 148
47 280
166 158
355 231
189 255
173 414
83 23
156 351
130 491
323 170
485 111
31 108
428 228
333 225
414 483
38 301
264 385
359 427
357 19
142 92
427 310
117 464
62 157
94 306
177 261
187 397
265 437
174 225
247 182
140 355
36 446
270 333
346 391
394 248
12 36
267 346
192 472
380 265
389 161
153 232
14 401
234 37
245 86
194 218
246 417
171 415
101 300
68 297
5 362
183 413
134 485
15 217
304 233
312 147
270 468
63 114
251 307
128 149
399 3
463 176
5 172
161 173
435 291
331 80
35 452
250 334
376 87
287 289
188 94
120 219
364 482
160 310
223 82
146 66
229 124
433 449
422 265
495 367
389 168
296 162
84 249
39 234
395 436
128 113
102 429
385 420
483 420
188 204
30 268
136 215
465 154
472 228
482 385
29 93
241 302
27 470
390 38
423 161
362 262
457 271
172 482
439 401
465 249
441 37
124 155
326 230
368 172
453 272
139 169
10 458
419 444
143 283
188 295
271 283
27 69
284 471
70 358
238 348
207 248
60 355
92 247
112 105
125 298
343 435
115 296
419 427
135 387
386 8
427 272
204 301
298 48
121 468
488 361
281 193
60 264
11 36
119 371
448 254
315 274
319 163
366 293
468 232
89 118
61 168
144 68
436 316
265 9
146 435
299 301
493 145
455 3
338 498
272 479
169 178
130 85
90 79
307 344
17 109
173 431
208 194
197 288
342 450
260 346
393 263
43 455
85 196
329 464
314 409
363 382
98 375
296 245
270 356
89 163
309 358
252 271
475 141
355 497
122 240
11 493
414 78
210 26
182 127
491 87
369 443
127 426
19 32
471 51
459 483
62 140
425 80
189 70
409 116
15 334
196 175
342 404
322 425
145 35
52 96
254 82
443 94
467 351
300 456
56 110
477 180
232 122
391 434
90 77
144 66
283 322
240 227
132 131
414 472
333 420
60 2
125 270
475 195
135 374
397 168
107 212
325 383
272 311
97 143
81 317
239 130
396 66
106 425
33 151
117 367
182 56
426 9
254 139
169 73
107 209
40 234
79 407
88 190
400 292
78 115
381 99
332 436
167 150
489 4
230 236
385 90
36 326
233 236
302 308
74 480
195 247
248 440
348 353
479 143
394 264
100 224
257 163
220 417
487 301
339 242
54 58
214 492
478 92
170 176
273 213
243 354
48 241
314 304
325 156
278 312
494 425
290 453
44 288
407 176
191 451
327 459
402 322
336 108
17 233
493 174
3 29
137 209
288 55
284 350
50 289
423 148
288 451
102 141
206 115
309 43
205 242
285 34
133 134
429 149
136 181
159 201
53 303
46 36
140 214
326 415
399 84
104 249
436 133
380 70
319 141
103 210
102 221
403 122
300 157
382 463
203 396
64 166
285 309
213 317
56 421
333 170
172 243
253 396
73 10
320 199
378 126
431 11
441 53
349 454
193 309
307 179
264 409
50 92
114 433
48 78
134 52
416 467
453 398
99 440
100 299
215 23
213 226
41 14
414 432
146 469
185 55
412 157
437 352
239 220
230 31
395 403
449 285
167 356
112 336
76 16
368 46
440 201
273 352
30 332
370 105
94 328
111 159
343 199
495 400
34 293
487 293
237 230
102 216
253 356
118 17
5 496
363 439
488 399
11 352
16 459
141 262
304 292
49 424
175 337
218 462
234 281
330 11
484 228
176 330
52 181
95 358
431 308
77 22
389 61
222 101
165 209
97 331
191 439
309 192
202 379
344 88
362 72
424 416
148 274
313 417
462 381
379 7
92 453
39 282
477 334
7 70
72 461
479 198
25 262
492 96
76 123
476 458
187 369
49 389
347 32
334 181
191 234
124 265
427 44
455 431
349 357
91 333
399 66
387 311
63 173
200 28
358 220
444 468
412 146
408 276
418 478
317 322
272 49
154 387
57 63
210 423
337 29
160 467
25 50
91 450
194 267
181 209
261 466
485 316
143 432
81 111
39 337
390 199
129 30
146 487
70 353
433 95
298 457
460 21
461 213
472 281
175 408
490 446
491 350
398 199
470 212
198 491
219 211
38 137
429 171
315 249
416 459
237 488
266 19
143 207
264 110
103 280
33 341
231 334
494 178
192 361
447 375
473 354
36 410
392 13
203 472
87 345
306 322
438 283
340 1
45 123
343 25
376 217
489 392
425 356
5 463
250 126
340 230
22 288
8 269
164 483
77 219
410 255
97 164
439 98
170 448
448 369
113 235
445 345
28 77
184 155
5 354
290 456
370 184
400 76
32 150
314 212
51 25
167 488
200 207
134 313
412 338
449 397
352 380
49 351
360 487
229 380
303 236
195 286
132 85
324 274
391 341
402 472
111 307
368 256
440 482
164 303
170 369
270 75
115 137
465 4
65 366
162 349
133 401
373 278
145 54
316 65
177 266
184 131
500 419
77 210
157 307
173 171
112 80
228 100
475 216
411 444
362 201
356 500
65 249
294 480
315 146
134 23
65 99
350 249
418 62
70 19
66 379
108 44
266 338
244 422
14 297
458 37
309 434
217 372
89 31
92 447
418 3
95 192
193 422
452 281
384 271
221 91
212 421
480 490
360 280
466 363
303 61
103 355
102 67
183 489
140 54
88 327
58 206
366 158
143 255
312 93
471 405
384 323
345 108
461 137
490 341
53 376
105 147
398 438
293 151
46 41
372 1
115 109
352 162
385 380
106 187
227 135
2 311
21 220
138 19
208 39
436 41
381 401
45 373
40 84
105 306
255 324
4 413
21 330
378 12
138 424
200 294
281 393
466 270
456 74
57 246
500 175
324 161
375 91
328 226
383 386
10 369
465 164
484 428
451 258
180 389
438 323
345 122
51 47
149 321
195 300
350 366
162 93
269 94
184 345
291 125
476 207
478 428
117 191
447 143
451 28
72 110
435 462
464 434
6 242
28 105
118 129
204 16
291 476
71 9
430 159
261 420
161 259
214 411
8 44
13 107
283 104
75 325
58 214
158 110
371 251
180 82
448 282
416 340
145 443
276 78
452 460
375 34
96 12
399 499
376 73
21 234
239 79
222 450
18 372
305 82
297 328
247 302
77 445
469 479
452 396
379 151
7 497
61 432
329 140
86 279
65 139
119 388
419 29
109 437
99 459
67 421
413 45
196 14
359 454
168 5
71 253
441 316
175 299
96 358
72 375
251 446
52 86
28 40
139 44
29 308
18 160
450 262
470 67
293 197
289 135
79 35
228 84
109 131
294 349
497 481
122 153
419 114
177 114
262 331
261 192
329 85
229 365
493 79
244 444
441 407
341 215
62 368
69 110
275 478
293 186
460 73
186 151
364 498
425 125
378 451
282 47
61 344
2 469
477 413
438 311
421 357
471 106
267 289
486 121
361 464
7 90
475 201
22 65
464 107
69 129
224 383
135 90
465 246
402 280
370 158
482 448
271 34
434 485
106 278
386 152
456 296
75 53
445 490
340 417
285 50
207 394
236 116
237 360
436 32
157 59
107 447
356 494
444 208
37 150
353 254
212 203
42 347
479 302
85 317
260 184
191 335
93 321
404 261
410 402
457 150
157 477
468 392
387 189
114 1
3 260
383 357
213 318
14 256
378 181
431 121
225 52
76 186
142 58
380 196
96 127
238 144
409 35
347 295
147 235
24 179
332 279
219 370
122 71
442 346
283 109
151 286
117 148
443 186
402 339
318 297
242 134
189 466
142 292
495 248
28 99
379 336
281 1
481 464
146 420
364 484
43 250
361 394
154 405
133 227
455 221
325 490
238 412
486 98
483 50
325 163
371 344
68 377
114 2
198 290
50 153
76 308
394 104
439 211
183 153
279 95
45 404
166 377
288 225
207 449
302 388
408 150
59 335
284 430
68 259
480 324
174 316
248 9
420 435
177 496
15 499
496 426
172 175
353 382
210 269
182 43
48 146
498 252
53 454
211 348
399 176
42 255
388 35
142 495
98 122
372 111
415 492
64 432
242 327
478 406
207 118
165 302
69 117
70 62
343 406
9 76
321 30
473 156
227 319
450 101
276 99
248 314
232 295
128 103
56 432
370 418
67 187
34 437
347 6
144 169
75 86
67 434
175 104
24 29
157 110
38 374
352 114
287 374
472 109
27 287
375 398
74 80
253 299
179 304
167 132
57 223
206 413
83 334
201 383
411 78
417 487
417 2
408 83
121 119
193 179
176 89
336 369
205 340
389 182
258 233
