400 1983
311 272
255 45
26 36
127 79
67 197
147 312
377 341
43 313
50 186
246 159
214 132
43 145
162 253
72 26
131 216
131 231
174 192
159 394
246 163
117 225
212 235
164 156
108 32
385 18
34 124
315 291
195 26
71 351
333 212
1 266
210 298
277 127
79 355
145 77
56 117
66 3
333 355
139 202
367 35
27 119
361 53
91 211
118 135
75 36
311 274
338 124
260 193
126 240
118 191
365 127
30 268
162 294
137 19
286 86
82 119
215 286
18 132
298 288
363 315
18 211
193 110
380 68
200 99
153 42
165 369
296 253
131 349
66 320
289 101
208 122
9 389
76 257
40 108
109 174
228 100
376 306
274 34
330 152
341 187
356 165
369 305
185 345
146 205
44 255
367 341
261 377
380 378
252 390
209 221
44 46
359 65
152 314
249 16
313 128
393 69
218 68
51 17
39 136
165 172
372 158
394 20
61 111
265 6
269 117
398 114
107 190
53 264
304 334
388 154
243 191
325 185
292 62
251 373
157 213
358 91
122 87
136 43
119 388
227 240
398 243
374 357
393 303
10 154
303 283
288 215
159 294
172 64
58 350
292 358
270 400
367 267
331 355
18 200
90 184
380 329
289 391
13 330
312 270
106 374
251 118
64 346
164 365
96 126
194 62
208 149
152 74
152 324
109 390
356 26
240 6
346 180
67 378
241 288
314 34
395 327
238 228
258 119
188 87
243 171
212 376
331 181
359 262
226 185
309 179
238 14
31 357
78 326
315 140
214 139
93 321
209 236
362 326
243 345
361 244
375 159
308 120
151 70
203 118
251 171
133 275
264 28
185 336
155 90
164 313
127 4
105 281
137 181
247 376
356 239
350 64
179 229
265 204
367 378
98 310
111 206
386 187
174 39
294 152
18 28
62 353
292 98
329 323
176 326
46 206
345 310
175 379
327 43
240 371
317 238
389 182
154 306
162 284
301 231
119 144
55 193
79 90
69 340
80 360
41 189
394 202
117 367
22 220
233 334
201 398
107 150
314 185
209 35
199 320
339 86
310 270
201 173
83 166
197 169
188 238
367 169
28 160
83 178
161 208
164 249
389 263
27 295
108 305
385 107
386 316
358 122
384 248
330 175
374 243
286 347
345 119
270 70
35 47
275 273
180 397
396 88
376 56
24 76
287 140
38 274
388 294
400 325
285 327
380 229
389 387
169 360
219 245
36 54
155 355
32 36
24 329
107 391
284 191
18 282
338 300
7 340
347 285
88 179
286 252
264 155
381 244
254 173
37 276
146 203
204 301
245 22
293 285
84 129
82 250
378 52
296 289
357 143
357 222
343 370
291 21
20 381
144 314
329 112
85 137
127 251
328 334
361 290
185 365
109 105
177 266
129 265
288 192
211 38
287 182
89 177
358 11
7 281
136 5
213 192
1 272
382 252
284 89
350 225
5 367
117 121
16 98
168 139
315 358
350 34
14 111
99 114
193 151
139 103
240 89
167 145
21 240
84 161
152 255
57 44
39 184
74 344
253 330
388 213
333 309
110 362
44 8
277 272
244 214
263 311
215 134
152 154
33 57
296 168
218 60
59 66
274 73
141 89
37 286
29 202
253 227
277 359
139 304
48 300
315 386
287 395
222 154
400 249
151 107
45 72
58 54
120 378
326 262
46 54
62 364
331 4
279 332
339 20
314 134
267 204
2 340
343 43
225 85
166 31
343 197
29 241
44 200
86 281
187 63
97 40
378 11
138 55
217 279
43 176
388 76
191 360
309 29
357 137
114 236
276 91
134 69
285 103
354 187
335 86
223 52
54 96
176 73
112 46
31 167
388 302
159 13
189 172
261 122
36 200
222 76
354 189
94 260
397 194
373 126
120 326
331 347
361 259
150 284
65 258
208 194
355 138
12 321
344 19
147 58
18 317
288 399
87 145
146 12
151 145
384 293
221 20
52 351
9 165
173 34
119 21
321 292
343 37
214 90
317 250
215 318
349 163
323 222
197 375
235 6
241 300
75 133
368 115
115 222
149 117
397 327
132 188
229 34
389 377
140 172
123 31
40 204
291 170
300 79
154 312
89 283
196 197
262 151
147 135
256 236
191 262
137 351
50 174
46 227
309 278
106 137
58 266
60 305
245 356
183 171
125 367
382 282
115 102
178 177
113 213
397 209
264 301
92 55
94 28
302 320
346 371
116 186
140 294
198 351
138 143
177 373
77 28
81 226
69 104
154 288
397 105
191 97
335 375
18 7
90 295
66 274
253 43
19 156
356 240
361 61
271 301
365 72
181 98
146 157
225 98
248 390
284 133
241 363
98 10
366 391
81 377
85 232
7 365
6 341
373 8
159 157
171 319
276 340
23 221
353 281
389 108
340 228
375 193
128 251
113 263
335 186
148 338
209 180
51 189
237 345
68 42
9 161
96 13
344 104
220 239
148 187
101 320
59 171
245 338
195 125
97 79
70 98
218 269
308 110
320 295
369 84
73 10
78 371
168 59
122 73
163 133
102 68
66 198
190 325
390 230
184 376
74 219
41 384
81 201
307 234
259 261
150 130
26 81
67 133
94 60
400 3
50 384
184 280
183 110
187 239
79 12
30 130
263 195
212 90
392 30
112 338
289 141
123 45
206 262
393 75
277 49
157 336
224 173
392 290
70 121
235 104
195 206
154 203
139 188
370 79
172 52
147 196
221 289
296 322
312 18
157 19
112 27
15 358
106 327
240 109
57 338
25 164
136 93
337 47
316 385
311 98
347 13
339 61
308 225
280 157
21 211
385 211
324 230
283 198
344 50
207 1
261 71
156 216
91 324
171 332
158 110
166 207
7 325
39 371
179 374
4 178
391 269
176 188
333 392
22 145
329 366
268 354
135 76
212 89
256 208
37 274
28 334
115 235
233 39
371 96
193 236
271 375
329 355
177 175
197 181
95 109
248 129
358 124
43 63
314 31
352 380
188 64
180 271
258 325
400 307
92 87
15 383
318 174
12 211
133 288
190 109
101 327
299 244
167 339
159 95
121 334
37 58
102 92
273 342
335 235
136 237
320 323
76 308
47 254
233 266
364 87
94 318
162 203
62 109
175 387
349 96
31 371
122 382
175 111
182 106
269 287
27 152
32 54
41 79
370 287
35 178
265 393
264 52
256 125
8 175
176 70
151 186
345 155
114 181
171 333
142 111
32 264
289 36
156 221
400 278
390 187
16 214
16 48
36 2
127 308
348 266
120 16
72 263
25 379
241 291
328 65
125 23
209 247
272 285
234 374
62 9
129 331
151 204
269 349
60 124
340 122
123 100
335 274
23 361
364 198
94 323
103 26
356 109
259 3
17 249
360 207
342 61
156 115
176 345
297 329
383 272
379 135
272 400
206 259
117 307
262 199
156 48
143 336
194 78
230 387
275 66
129 22
237 123
83 6
344 125
285 231
362 205
2 349
14 246
195 291
77 278
7 273
65 138
103 343
55 107
191 279
216 282
369 361
107 82
148 45
63 103
120 396
384 39
330 302
391 317
334 144
166 138
381 164
103 163
47 197
277 335
172 62
352 385
68 190
81 80
9 76
373 213
35 218
254 250
284 14
56 309
134 310
29 49
65 47
243 254
189 286
68 168
247 179
341 316
317 118
116 41
266 22
379 279
290 130
305 165
227 151
308 267
268 310
214 295
246 252
270 129
383 290
102 64
59 342
208 397
30 182
24 48
58 176
74 118
222 62
207 39
210 306
178 114
312 38
242 157
212 168
100 279
245 392
154 127
150 11
99 387
74 2
113 311
113 99
44 399
75 134
360 133
178 142
210 219
113 102
241 282
313 14
70 32
296 373
268 281
121 385
81 318
346 260
346 337
308 22
297 144
208 115
191 49
375 176
294 161
193 25
77 383
215 341
38 27
228 377
352 88
56 188
155 23
332 228
149 267
362 346
368 211
299 43
38 93
213 280
298 29
274 369
25 44
26 161
388 304
2 351
5 168
328 336
27 113
133 69
306 105
39 82
309 338
179 121
392 231
369 307
182 298
225 37
39 196
187 167
143 351
189 214
173 137
229 388
170 250
40 74
379 22
7 383
126 106
330 229
15 218
316 275
61 344
328 352
200 135
352 298
325 114
69 369
380 72
101 241
186 375
210 35
277 126
220 162
46 312
172 78
33 86
58 393
222 1
10 11
170 215
54 95
253 185
285 188
205 300
268 8
293 369
302 67
385 318
1 372
186 165
11 285
30 25
75 45
174 101
387 265
268 222
395 141
54 273
116 400
348 216
71 253
302 150
42 191
336 213
65 238
360 99
103 51
219 97
60 49
366 21
279 303
34 107
228 84
364 272
56 99
354 386
123 37
251 223
13 84
149 227
235 257
351 156
183 72
174 323
368 45
71 112
287 2
317 249
190 212
121 156
173 12
341 124
376 296
64 334
236 249
82 149
255 143
348 238
183 228
375 71
166 234
292 325
275 354
399 306
313 297
163 348
5 340
82 180
195 32
352 273
226 371
100 95
353 350
142 300
98 124
373 88
196 353
69 129
58 51
359 104
150 32
20 257
223 85
238 147
125 97
256 150
28 273
213 317
31 233
300 2
216 224
385 307
288 256
135 201
53 376
165 26
278 163
248 313
346 348
357 24
102 173
237 288
327 209
399 220
132 164
189 291
385 134
394 306
270 19
243 353
145 207
44 180
279 206
92 119
382 136
148 333
201 23
271 224
16 212
52 371
86 6
9 337
391 272
101 30
60 232
293 207
284 12
10 142
219 86
118 301
195 397
201 364
261 70
394 267
205 242
303 254
194 389
223 274
121 26
290 85
125 146
42 141
9 343
310 68
399 224
88 24
234 281
250 78
160 65
363 178
60 19
310 382
230 31
9 296
75 175
392 338
76 186
231 293
11 203
332 314
239 48
196 387
368 246
82 184
56 182
376 25
354 138
214 50
360 320
305 307
204 51
370 219
205 287
258 254
2 43
81 317
102 261
131 262
315 336
393 277
95 250
356 339
4 348
398 108
197 202
132 189
280 153
394 140
13 168
90 77
38 150
46 95
100 102
345 53
222 341
204 181
53 1
362 151
318 391
397 92
99 322
131 102
128 381
183 245
396 333
23 83
73 147
75 19
182 246
340 357
175 299
333 4
232 202
382 311
202 203
291 249
298 160
399 111
199 390
94 280
387 314
282 356
362 179
366 384
365 1
290 234
156 256
280 299
223 77
300 282
291 63
160 42
362 58
50 92
235 266
115 92
365 200
130 79
275 309
298 163
375 67
170 122
182 29
321 128
214 141
378 257
110 112
59 305
149 57
282 363
245 255
130 309
176 258
184 158
292 360
247 297
179 304
238 389
264 273
368 284
84 316
64 201
220 190
236 328
125 66
45 233
233 112
235 21
332 185
231 382
15 95
46 398
258 202
73 67
63 267
319 94
273 382
177 247
231 189
82 302
7 289
217 105
23 197
93 138
318 2
233 159
80 331
254 215
22 80
61 336
60 162
278 11
75 183
303 361
365 210
57 63
278 62
162 394
137 328
249 330
31 91
358 319
267 87
266 114
110 108
290 138
104 131
271 50
278 190
281 213
322 352
281 149
349 155
33 221
165 169
24 16
269 145
316 237
190 175
360 130
383 90
355 399
47 87
125 172
286 319
379 96
89 315
95 387
159 229
117 85
218 89
192 340
30 258
199 120
121 271
6 287
253 22
381 372
164 115
227 40
207 349
97 142
344 196
296 183
304 200
105 304
3 144
192 116
44 139
134 51
283 204
139 8
225 353
198 30
215 229
53 301
240 241
13 310
69 202
244 242
53 178
207 396
83 64
20 25
80 241
177 236
101 8
29 3
81 35
252 194
339 227
263 215
219 242
203 299
305 90
355 338
299 322
158 366
359 198
358 306
337 57
72 192
246 366
210 97
357 60
160 123
42 33
354 95
171 107
223 211
128 328
287 264
339 157
259 234
3 40
47 272
313 57
75 35
260 38
260 270
116 88
101 243
21 233
143 232
277 20
355 106
128 63
19 135
242 319
257 248
71 209
45 298
126 265
270 255
41 314
329 383
120 287
91 100
220 105
17 293
235 362
73 387
5 148
4 383
97 161
148 39
40 200
152 221
24 5
359 167
124 224
246 136
137 17
376 142
353 236
220 74
396 123
348 194
353 34
268 42
34 242
132 198
337 223
146 316
103 52
157 342
169 24
273 302
130 101
180 73
272 260
162 210
366 205
226 327
228 132
169 124
46 156
310 331
84 12
392 55
386 379
48 206
6 158
131 65
230 210
36 268
350 207
59 335
364 337
62 336
100 2
314 181
87 206
201 103
290 199
140 275
242 45
267 369
280 171
25 63
325 383
106 226
123 322
215 248
384 374
362 173
120 167
284 337
359 69
393 194
230 170
83 279
58 293
178 256
329 342
283 104
88 303
311 234
146 61
14 171
235 158
1 114
261 342
247 324
108 266
27 25
101 275
237 204
230 132
264 175
199 299
288 108
15 378
392 3
380 331
70 211
29 222
216 398
77 83
324 52
313 44
148 244
184 232
30 149
219 326
184 183
368 332
216 8
49 392
302 55
282 54
228 400
251 396
297 295
56 252
336 16
394 67
140 271
224 83
212 368
367 291
224 179
108 253
343 348
163 109
292 245
146 321
138 20
282 174
36 147
167 85
93 266
12 99
70 48
107 41
128 199
398 199
276 392
134 10
366 381
322 337
259 155
61 113
27 237
374 371
246 12
129 123
311 166
14 57
14 207
42 186
94 166
304 33
91 322
214 106
353 18
219 316
386 42
343 279
66 366
21 116
307 248
5 225
377 75
185 126
129 395
4 374
256 355
331 200
220 257
87 372
227 133
128 47
74 253
195 56
153 33
77 119
249 193
346 190
289 280
125 332
286 144
349 381
396 166
41 335
395 120
60 342
319 263
121 374
154 146
209 74
311 262
267 346
281 363
224 77
97 398
148 307
47 361
38 386
3 276
92 8
391 91
42 310
243 223
80 59
280 278
344 64
13 334
321 260
380 15
111 324
196 384
283 106
116 147
341 229
386 85
67 129
202 379
364 294
201 313
321 68
130 301
80 353
252 111
110 248
351 148
257 185
4 167
111 153
317 36
370 390
8 146
263 220
198 290
278 118
362 32
251 67
293 363
90 28
140 112
343 25
95 51
296 110
86 56
35 113
86 164
96 83
276 184
217 71
142 269
393 345
242 261
116 131
136 289
177 114
51 83
247 293
342 126
142 242
237 226
331 92
84 275
59 239
324 315
161 130
386 333
141 84
234 160
268 398
224 276
399 176
96 59
254 17
247 372
211 30
347 213
335 135
250 71
268 302
382 199
263 301
395 318
330 100
7 265
276 170
194 86
27 249
195 229
13 305
134 183
91 226
303 281
93 378
326 145
10 133
239 237
198 122
17 363
299 226
399 128
40 73
82 299
40 356
223 293
160 359
119 269
294 193
3 41
239 79
20 251
155 135
334 15
206 397
29 337
168 290
61 384
313 181
259 372
361 10
259 212
143 390
91 296
221 151
114 55
270 28
85 238
205 11
356 1
306 141
152 10
326 256
243 297
72 359
323 264
216 180
325 94
227 145
246 217
38 273
166 326
366 102
349 262
379 26
170 244
244 136
304 233
50 218
10 52
263 303
173 49
247 78
11 265
364 308
335 116
161 112
123 270
150 160
203 188
248 395
59 232
159 88
257 297
250 318
50 153
328 41
57 311
327 258
306 6
289 322
258 11
312 250
54 74
295 372
189 208
37 216
269 346
105 244
53 93
342 150
144 21
363 113
142 177
307 195
320 165
228 110
282 167
254 170
188 370
203 230
46 368
32 380
250 332
343 29
164 96
136 370
77 22
93 219
162 330
322 76
131 132
372 217
20 283
134 15
23 220
158 349
153 245
334 71
367 105
359 396
307 391
96 84
303 317
141 139
208 63
339 72
137 347
128 388
251 28
71 365
217 15
98 224
350 257
378 395
55 217
61 375
97 283
374 300
142 312
298 8
218 196
68 358
186 132
393 325
170 117
385 165
345 87
196 27
174 255
298 388
232 88
305 370
232 315
65 45
131 269
172 239
324 347
115 236
304 328
109 323
348 231
118 369
161 240
305 376
233 241
205 303
386 122
255 373
373 99
160 292
327 80
24 261
280 252
384 49
229 347
80 69
163 257
205 117
232 153
180 248
259 258
208 324
89 163
182 201
326 92
57 223
320 389
363 49
140 217
322 231
221 370
127 158
168 53
135 47
351 181
292 354
38 292
155 184
49 9
394 78
350 144
323 297
350 216
339 191
187 81
267 255
232 55
33 368
321 210
308 352
196 352
32 276
115 275
354 365
65 255
221 203
5 124
48 194
143 373
170 14
217 245
141 4
316 55
16 17
53 395
377 265
239 162
23 295
330 252
379 295
148 319
302 94
308 124
234 256
300 312
104 144
323 294
169 160
143 89
344 340
126 383
294 352
324 309
104 161
149 178
118 389
33 48
364 297
108 261
144 169
37 193
66 399
174 177
279 126
100 247
204 230
100 278
277 17
147 17
120 398
380 198
186 104
283 127
357 192
271 63
276 54
187 200
260 192
274 299
262 339
348 50
113 7
244 81
283 284
4 166
192 285
104 321
157 316
51 140
271 286
237 190
242 277
354 321
183 394
295 381
315 332
56 381
396 149
377 130
80 218
344 105
153 231
259 169
16 234
19 127
121 66
217 338
72 158
205 34
37 67
138 111
363 48
153 52
82 319
139 12
371 395
1 332
51 6
319 182
167 312
112 173
364 318
78 357
360 260
85 78
351 370
319 172
49 93
341 396
239 14
226 78
301 103
17 106
5 202
147 295
35 372
254 238
297 390
400 333
168 382
93 226
33 99
23 143
286 197
397 329
342 218
192 206
260 285
21 199
309 336
116 70
227 64
393 381
31 210
291 347
337 181
68 391
19 88
15 158
155 377
153 372
