0 0 0 0 0 0 0 0 0 0 0 0 0 0 0 309 0 0 0 0 0 0 0 0 0 0 0 0 0 0 0 0 0 0 0 0 0 0 0 0 0 0 0 0 0 0 0 0 0 0 0 0 214 0 0 0 0 0 0 0 0 0 0 0 214 0 0 0 0 0 278 0 0 0 0 0 0 0 0 0 0 0 0 0 0 0 0 0 0 0 0 3354 0 0 0 0 0 0 0 0 0 0 0 236 0 30 0 0 0 0 0 0 0 0 0 0 0 0 33 0 0 0 0 0 0 0 0 0 0 74 0 0 0 0 0 0 0 0 0 3424 0 0 0 0 0 0 0 0 0 27 0 0 0 233 0 0 213 57 182 0 0 0 0 0 0 0 0 0 0 0 0 0 52 181 0 0 524 216 0 0 0 0 0 0 0 0 0 0 0 0 0 0 0 0 0 0 0 0 149 0
0 0 0 0 0 0 0 0 0 0 0 0 0 0 0 0 0 0 0 0 0 0 0 0 0 0 493 0 0 0 0 0 442 0 0 0 0 0 0 0 0 0 0 0 0 0 0 0 0 0 0 0 174 0 0 0 0 0 0 0 0 0 0 0 0 0 0 291 0 0 0 0 0 0 0 0 51 0 0 0 0 0 0 0 0 0 0 0 0 0 0 0 0 0 0 0 0 0 0 0 0 0 0 0 0 3153 0 0 0 0 0 0 0 39 0 0 0 186 0 0 0 0 0 0 0 0 0 0 0 0 0 0 0 0 155 0 0 0 0 0 103 0 0 0 0 0 0 0 0 0 0 0 0 0 0 0 0 0 0 0 0 0 0 0 3181 160 0 0 0 319 0 0 336 0 0 257 0 133 24 0 0 0 0 0 0 0 0 0 0 281 0 0 0 0 0 0 0 0 222 0
0 0 0 0 0 0 0 0 0 0 0 256 0 0 0 0 0 0 177 0 0 0 85 0 0 0 0 0 0 0 0 0 0 0 242 0 0 0 0 0 0 0 243 0 0 0 0 0 0 0 0 286 0 67 0 0 0 0 0 0 78 0 0 0 0 0 0 0 0 0 0 0 0 0 0 0 0 0 0 61 0 0 0 0 44 0 0 0 0 0 0 0 0 0 0 371 0 0 0 124 212 0 0 0 0 177 0 165 0 0 0 0 0 0 80 0 0 0 0 0 0 0 0 59 0 0 0 0 0 3372 0 0 0 0 0 0 0 0 0 0 0 0 0 0 81 0 0 0 0 316 0 0 0 117 0 0 0 0 0 0 0 0 0 0 0 0 0 0 0 149 0 0 0 0 0 0 0 0 0 0 150 3088 0 0 0 0 0 0 0 0 0 0 0 0 0 0 0 0 0 0
0 0 0 0 0 0 0 0 0 0 0 0 0 0 0 0 0 0 0 0 0 0 213 0 0 0 204 0 0 0 0 0 0 0 0 111 0 0 0 0 0 0 0 0 0 82 0 0 0 0 0 0 0 32 0 0 0 0 0 0 0 0 0 0 0 0 0 0 0 0 0 0 0 0 0 413 0 0 0 0 0 0 0 0 0 0 0 0 0 0 0 0 0 0 0 30 0 39 0 77 0 395 3204 0 0 0 0 0 0 0 0 0 0 0 0 0 0 0 0 0 0 0 0 0 0 0 0 0 343 0 0 0 0 0 0 368 0 0 0 3149 0 0 0 0 0 0 0 0 0 0 0 0 0 0 0 0 0 0 33 0 0 0 0 0 0 0 0 0 0 0 0 0 70 0 94 22 0 0 0 0 367 0 0 0 0 0 0 0 0 151 0 0 0 0 0 549 0 54 0 0
0 0 0 0 0 0 0 0 0 0 0 0 0 608 0 0 0 0 0 0 0 0 0 0 0 0 0 0 0 0 0 0 0 0 0 0 0 0 0 0 0 0 0 0 0 0 0 0 0 0 0 0 0 0 0 0 146 0 0 0 0 0 0 0 0 0 0 0 0 0 0 0 0 0 50 0 0 0 0 0 261 0 0 0 0 0 0 0 0 0 0 0 0 0 0 0 0 0 0 0 0 0 0 0 0 28 0 0 17 0 0 0 4 0 111 296 0 0 0 0 0 0 0 0 0 0 0 0 0 69 0 0 0 0 0 0 0 0 0 0 0 0 0 0 0 0 0 0 0 0 0 0 0 0 0 0 0 0 0 0 0 0 0 0 0 261 0 0 0 133 0 0 0 0 0 360 362 0 0 0 0 0 424 0 0 0 0 6369 0 0 0 0 0 0 0 0 0 0 0 501
0 0 0 0 0 0 0 0 0 0 0 0 0 0 0 0 0 0 0 0 0 0 0 0 0 0 0 0 0 0 0 0 0 0 0 0 0 0 0 0 3245 0 0 0 0 0 0 0 0 41 184 0 0 0 178 0 0 0 0 0 0 0 0 0 0 0 0 0 0 0 432 0 0 0 0 0 0 0 0 0 0 0 0 0 0 0 0 0 0 0 0 0 0 0 0 0 0 0 0 0 0 146 0 0 0 0 0 0 0 0 0 0 0 0 0 0 0 0 54 0 0 0 0 0 477 0 0 0 0 0 0 0 0 30 0 0 239 0 0 0 0 0 0 0 0 0 0 0 151 350 0 0 69 94 0 0 0 0 0 0 0 0 0 0 0 3460 0 0 0 0 0 0 13 8 0 0 0 0 0 702 0 0 0 0 0 0 0 0 0 127 0 0 0 0 0 0 0 0 0 0
0 0 0 0 0 0 0 0 3383 0 0 0 0 0 0 0 0 0 65 0 0 0 0 0 0 3178 0 391 0 0 0 0 0 0 435 0 0 0 0 0 0 0 0 0 0 0 0 0 0 0 0 0 0 0 0 0 0 0 0 0 0 0 0 0 0 0 0 0 0 0 0 56 0 0 0 0 0 0 0 0 0 0 311 0 0 0 0 0 0 0 0 0 0 0 0 0 0 0 0 0 0 0 0 283 0 0 424 0 0 0 131 0 0 0 0 0 0 0 0 0 0 0 0 0 0 0 0 419 0 265 0 0 0 0 0 0 0 0 0 0 0 0 0 0 345 0 0 0 0 0 0 0 0 0 0 0 0 0 0 0 0 175 0 0 0 0 0 0 0 0 94 0 0 0 0 0 0 0 0 0 0 0 0 0 0 0 0 45 0 0 0 0 0 0 0 0 0 0 0 0
0 0 0 0 0 0 0 0 0 0 134 0 0 0 0 0 0 0 0 0 0 0 0 0 0 0 0 0 0 0 319 3224 0 0 0 0 0 0 0 0 0 0 0 0 0 0 0 0 0 50 0 0 0 0 0 0 0 0 0 0 0 0 0 0 0 119 0 0 0 0 0 0 185 0 0 0 0 0 226 0 0 0 0 0 0 0 0 0 0 0 0 0 0 0 0 0 0 0 0 0 0 0 0 0 0 0 0 0 0 0 0 0 0 0 0 0 0 0 0 0 0 0 0 0 0 186 0 0 0 0 0 0 0 26 0 0 0 0 372 77 0 0 0 0 0 0 0 0 0 242 122 0 0 134 0 0 0 0 0 0 0 0 0 407 0 58 3553 0 0 0 0 0 0 0 0 0 0 411 0 57 0 0 0 0 98 0 0 0 0 0 0 0 0 0 0 0 0 0 0 0
0 0 0 0 0 0 3383 0 0 0 0 9 0 0 0 0 43 0 0 0 0 0 0 147 0 0 0 0 0 0 0 0 0 0 82 139 0 0 0 0 0 0 0 0 0 0 0 141 0 222 0 0 0 0 0 0 113 0 0 0 0 0 0 0 0 0 0 0 0 48 0 0 0 0 55 320 0 0 0 0 0 0 0 0 0 0 0 0 0 0 0 0 0 0 0 0 0 0 0 0 557 0 0 0 0 0 0 0 0 0 0 0 0 193 0 156 0 0 0 0 0 0 0 0 0 0 0 0 0 0 0 0 0 0 0 0 0 0 0 0 0 0 0 0 0 0 0 0 0 0 0 0 0 0 238 113 0 0 0 335 0 0 0 0 0 0 0 47 0 0 280 0 0 0 0 0 0 0 0 0 0 0 0 0 0 81 0 0 0 0 0 0 0 3298 0 0 0 0 0 0
0 0 0 0 0 0 0 0 0 0 0 0 0 0 0 0 0 0 0 0 0 0 0 150 0 0 0 119 0 0 0 0 0 28 0 0 0 0 0 133 0 0 0 0 0 0 0 0 0 0 0 0 0 82 0 0 229 0 165 0 34 0 0 115 0 159 0 0 0 0 0 0 0 0 3122 0 0 0 0 0 0 0 0 0 0 0 0 0 0 0 0 0 0 0 130 0 0 0 0 0 3285 0 74 0 0 179 0 0 0 0 0 0 0 0 0 166 0 0 0 0 157 0 0 0 232 0 0 0 0 0 0 0 0 0 0 202 0 0 0 0 0 0 0 0 0 0 0 0 0 0 0 0 0 0 0 0 0 0 0 0 0 0 0 0 0 0 0 0 0 0 0 0 0 0 0 0 0 0 242 0 0 0 0 0 0 281 0 0 510 76 0 0 0 0 0 0 0 0 130 0
0 0 0 0 0 0 0 134 0 0 0 0 0 0 129 0 0 0 0 0 0 0 0 0 0 0 0 0 0 0 130 0 0 0 0 0 0 0 0 0 0 179 0 0 0 0 0 0 0 0 0 0 0 32 0 0 0 92 0 0 0 0 0 0 0 0 0 0 200 0 0 140 0 0 0 0 0 0 0 0 0 0 32 0 0 0 0 0 0 62 0 0 0 0 0 0 150 388 0 0 0 0 0 0 0 0 0 0 0 0 0 0 40 8 0 0 0 0 0 0 0 0 84 195 0 0 0 205 0 0 0 0 0 0 0 0 0 0 0 0 0 0 6349 0 0 0 0 0 0 0 0 0 164 0 0 99 0 0 0 0 0 0 0 0 0 0 0 0 0 0 0 0 0 0 0 0 0 271 0 140 0 0 364 0 0 169 0 0 0 0 145 0 0 0 99 0 0 0 0 0
0 0 256 0 0 0 0 0 9 0 0 0 0 0 0 0 73 0 0 187 0 0 94 0 0 0 0 0 0 0 0 0 0 0 0 0 288 158 0 0 0 0 0 0 0 116 0 0 0 0 0 0 0 0 0 0 0 0 0 0 0 0 0 0 0 0 0 0 0 0 114 0 0 0 0 0 0 0 0 0 0 0 0 0 0 0 0 0 0 0 0 0 0 0 0 0 0 0 0 0 0 172 0 0 0 0 0 0 0 3638 0 0 0 0 0 0 0 0 0 186 0 0 0 116 0 0 0 0 0 0 0 0 0 0 0 0 0 131 0 0 0 0 72 322 0 0 0 88 0 0 0 0 174 0 0 0 0 0 0 48 0 0 0 0 0 0 0 0 0 0 3486 0 0 0 0 0 0 0 0 0 0 0 124 0 0 148 0 0 0 0 0 0 0 0 0 0 0 0 0 0
0 0 0 0 0 0 0 0 0 0 0 0 0 0 0 0 649 0 0 0 0 0 0 0 0 0 0 0 0 0 0 0 0 0 0 0 121 0 0 0 201 0 0 0 0 17 0 0 0 260 0 0 0 0 0 0 0 0 75 0 0 0 0 0 0 87 0 0 0 0 1 0 0 0 35 0 0 0 0 0 0 474 0 0 0 0 0 0 0 92 0 163 0 0 0 0 0 0 0 3187 0 0 0 0 0 0 0 0 0 0 0 0 0 0 0 0 0 0 0 0 0 0 0 0 0 0 0 0 0 0 125 0 0 0 170 0 0 0 0 0 0 0 0 372 0 0 0 0 0 0 0 0 0 178 0 0 0 0 0 0 0 0 0 0 0 0 0 0 0 0 0 0 3287 222 0 0 0 0 0 0 0 0 0 0 0 0 0 97 0 0 187 0 0 0 0 0 0 0 0 0
0 0 0 0 608 0 0 0 0 0 0 0 0 0 0 0 0 0 0 0 0 0 0 0 0 0 0 0 0 0 0 0 386 0 0 0 0 0 0 0 0 0 0 0 0 0 0 0 0 0 0 0 3552 0 0 0 0 0 0 0 0 0 0 0 0 0 0 0 0 0 0 0 0 0 0 0 0 0 0 168 0 0 0 0 0 0 0 0 141 255 0 0 0 0 0 100 0 0 0 0 0 0 0 0 0 0 0 0 0 0 148 0 0 0 0 0 0 0 0 27 0 0 0 0 0 0 0 0 0 0 0 0 0 0 0 0 0 0 0 0 0 0 15 0 0 0 0 0 0 0 3753 0 0 0 0 0 0 0 0 0 0 0 0 0 0 0 0 189 0 0 0 0 0 0 0 0 0 0 0 0 258 0 0 183 0 0 0 217 0 0 0 0 0 0 0 0 0 0 0 0
0 0 0 0 0 0 0 0 0 0 129 0 0 0 0 0 0 0 0 0 0 0 0 0 0 0 0 0 0 0 0 0 0 0 0 0 139 0 0 0 0 0 0 0 0 0 0 0 0 0 0 0 45 0 0 71 0 0 0 0 0 0 0 0 0 25 0 0 0 0 0 0 0 0 0 0 0 0 0 107 0 0 0 0 0 442 136 3172 0 0 0 0 0 0 0 0 0 434 0 0 0 0 0 0 128 0 0 0 0 0 0 0 0 0 0 0 0 0 0 0 20 0 0 0 0 0 254 27 0 0 0 0 0 0 0 3231 20 0 0 0 151 0 0 0 0 0 0 0 0 0 0 0 0 0 0 0 0 0 0 0 0 0 0 0 0 17 0 532 0 0 0 0 83 527 0 179 0 0 0 0 0 0 0 0 131 0 0 0 0 0 0 0 0 0 0 0 0 0 0 0
309 0 0 0 0 0 0 0 0 0 0 0 0 0 0 0 0 0 0 0 0 0 0 67 0 0 0 0 2 0 0 0 0 0 0 0 0 0 0 0 0 0 0 0 0 0 0 0 0 0 0 0 0 3107 215 0 0 0 0 0 0 0 0 0 0 133 0 0 0 0 0 0 0 0 0 0 0 0 0 0 44 0 0 0 0 0 0 0 0 0 0 131 0 0 0 0 0 457 587 0 0 0 211 0 0 0 0 0 0 0 291 235 0 0 0 0 0 0 0 130 0 0 0 0 0 0 0 0 0 0 0 0 0 0 0 0 0 0 0 0 3219 0 0 0 125 0 0 0 0 0 0 0 0 118 0 0 0 0 0 0 0 0 0 0 217 0 57 0 0 0 0 0 0 0 0 0 0 0 0 0 0 0 0 21 0 0 0 0 0 0 0 322 0 2 0 0 0 0 0 0
0 0 0 0 0 0 0 0 43 0 0 73 649 0 0 0 0 0 0 0 0 0 0 0 0 0 0 0 0 0 0 0 0 0 0 0 0 0 0 0 0 0 0 3069 0 0 0 0 0 0 0 0 0 85 0 0 0 0 0 0 0 0 0 118 0 0 0 0 0 0 0 0 0 0 0 79 84 0 0 0 0 0 0 0 0 0 140 0 0 408 0 0 0 0 0 0 0 0 0 0 0 0 0 0 0 0 0 0 0 0 0 0 0 0 242 0 0 0 0 0 0 0 0 0 0 0 0 0 0 0 170 307 33 0 0 0 0 0 0 0 0 0 0 0 0 0 0 0 0 0 0 0 0 0 3349 0 0 0 446 0 0 0 0 0 0 0 0 0 0 0 0 0 0 0 0 142 0 307 0 0 0 0 256 0 0 0 0 0 0 0 0 0 0 0 0 0 0 0 0 0
0 0 0 0 0 0 0 0 0 0 0 0 0 0 0 0 0 0 0 0 0 0 0 0 0 0 0 0 0 0 0 0 0 3367 0 0 0 0 0 0 41 0 0 0 0 0 0 0 0 227 197 0 0 0 1 0 0 0 0 3893 0 0 0 115 0 0 0 0 0 0 0 228 0 0 0 0 0 0 0 52 0 0 0 0 0 0 0 0 0 0 0 0 0 0 0 100 0 0 0 0 0 0 49 0 0 0 0 0 0 0 0 0 0 0 0 144 0 0 0 0 0 0 0 0 0 0 0 0 0 47 0 0 0 0 0 0 0 0 0 336 0 0 0 0 0 0 199 0 0 27 0 0 0 0 0 0 0 0 0 0 0 0 0 0 0 0 0 0 307 0 0 0 0 0 0 0 0 0 241 0 0 0 0 147 282 0 0 0 0 0 0 0 0 0 0 0 0 0 0 0
0 0 177 0 0 0 65 0 0 0 0 0 0 0 0 0 0 0 0 0 0 0 0 0 0 0 0 0 0 0 0 0 0 78 0 0 0 0 0 0 0 0 0 0 0 0 0 0 0 0 0 0 0 0 0 0 0 0 0 0 0 0 0 0 0 0 3692 0 0 0 0 0 0 0 0 0 0 0 9 0 0 0 0 0 0 390 81 0 0 0 0 0 706 0 0 0 0 0 0 0 0 0 0 0 0 0 0 0 0 0 0 0 0 0 0 0 0 0 21 0 228 0 0 0 228 0 0 0 0 0 0 0 112 0 0 0 0 173 0 0 0 0 0 0 0 0 0 0 0 0 3113 0 0 169 0 0 0 140 0 0 0 84 0 0 0 0 0 0 0 0 0 0 0 0 0 0 69 0 0 0 0 0 0 0 424 14 0 0 0 0 0 0 0 0 0 27 0 0 0 0
0 0 0 0 0 0 0 0 0 0 0 187 0 0 0 0 0 0 0 0 0 0 0 154 487 0 0 0 0 0 0 0 80 0 0 0 0 0 0 0 0 0 0 0 0 0 0 0 0 0 0 0 0 0 0 0 0 0 0 0 0 0 0 0 0 0 154 0 0 0 0 0 75 0 0 0 0 0 0 0 800 0 0 0 0 0 0 0 0 0 0 0 0 0 0 0 0 0 0 0 0 0 0 0 0 0 0 0 0 0 0 3547 0 0 0 3159 0 0 0 0 0 0 0 0 0 0 0 0 467 50 0 0 0 0 225 0 0 0 0 80 0 0 0 0 0 0 0 0 0 0 0 0 0 0 0 0 0 0 192 0 0 0 0 0 0 0 0 0 0 153 0 0 0 0 0 0 0 0 0 0 0 190 0 0 0 0 0 0 0 0 0 0 0 0 0 0 0 0 0 0
0 0 0 0 0 0 0 0 0 0 0 0 0 0 0 0 0 0 0 0 0 390 0 0 0 0 0 0 0 0 0 0 0 0 0 0 0 0 0 0 0 0 0 0 0 0 0 0 0 0 105 0 0 0 0 0 0 0 0 0 0 0 0 0 0 6 0 0 0 0 0 0 0 3255 0 0 0 0 0 0 0 0 105 0 0 0 0 0 0 0 0 0 0 53 0 103 241 0 0 0 0 0 0 0 77 0 3439 0 0 0 0 0 0 0 0 0 0 0 0 59 0 0 160 0 0 0 0 0 0 0 0 411 18 0 0 0 0 0 0 0 67 0 269 0 0 0 0 0 0 0 0 0 171 0 0 0 0 0 0 0 880 0 0 96 0 0 95 0 0 0 0 0 0 0 0 0 0 0 0 0 0 0 0 0 0 0 0 0 0 0 0 0 0 0 0 0 0 0 0 0
0 0 0 0 0 0 0 0 0 0 0 0 0 0 0 0 0 0 0 0 390 0 0 0 0 0 0 120 0 0 0 0 3470 0 0 0 0 0 0 0 0 0 0 0 154 0 0 0 0 0 0 0 0 0 0 95 0 0 0 0 0 0 3433 0 0 0 0 0 0 0 68 0 0 0 0 0 463 0 0 0 0 0 0 0 0 0 0 0 0 0 0 0 0 0 0 0 0 0 0 0 0 0 0 0 0 0 0 271 0 0 0 0 0 0 0 0 0 0 0 0 0 0 0 0 354 0 0 0 0 0 0 0 0 0 0 0 0 176 0 0 191 0 0 0 0 0 0 204 0 281 0 0 0 0 0 0 0 0 0 0 0 0 0 0 0 0 0 0 0 185 0 0 0 0 0 0 0 0 0 0 0 0 0 0 0 0 0 0 0 145 0 0 0 0 0 0 0 0 0 0
0 0 85 213 0 0 0 0 0 0 0 94 0 0 0 0 0 0 0 0 0 0 0 0 83 0 0 114 0 0 0 0 0 0 0 0 0 0 0 0 0 0 130 0 0 0 0 0 0 0 0 0 0 0 0 0 0 0 0 0 0 0 0 0 0 0 0 0 0 0 0 0 0 0 199 0 0 3235 0 0 0 32 0 0 0 0 0 0 0 0 0 0 728 0 0 0 0 0 0 0 0 0 0 88 0 0 0 0 219 0 0 0 0 0 0 0 212 0 3214 0 0 0 0 0 0 0 0 256 0 626 0 0 0 0 0 0 0 0 0 0 0 0 270 0 0 0 0 0 0 0 0 0 0 0 0 0 0 0 76 0 0 0 0 0 0 0 0 0 21 0 0 0 0 0 0 0 0 0 0 0 0 87 0 0 0 0 0 0 0 0 0 0 0 0 0 18 0 0 0 0
0 0 0 0 0 0 0 0 147 150 0 0 0 0 0 67 0 0 0 154 0 0 0 0 0 0 0 144 0 0 0 0 0 0 0 0 0 0 0 0 0 0 0 0 0 0 0 0 0 0 0 167 0 85 0 0 0 0 0 0 0 570 0 0 0 0 0 0 0 54 0 0 30 0 0 0 0 133 0 0 0 0 0 0 0 0 0 0 0 0 0 72 3390 0 0 0 0 0 0 0 0 0 0 0 0 0 0 0 0 0 0 0 0 0 0 162 0 0 0 0 0 0 0 0 0 0 0 35 0 0 0 0 0 0 0 0 17 0 0 0 0 0 0 0 333 0 0 0 0 0 0 106 0 0 0 0 0 0 0 0 0 7 0 0 0 0 0 0 0 0 0 0 0 0 301 12 0 0 83 0 0 0 0 0 3081 0 0 0 0 0 122 277 0 109 0 0 0 0 0 192
0 0 0 0 0 0 0 0 0 0 0 0 0 0 0 0 0 0 0 487 0 0 83 0 0 0 0 0 0 0 20 0 0 117 0 0 0 0 119 0 0 0 0 0 0 0 0 0 0 0 312 0 0 0 0 0 0 0 0 0 0 0 0 0 0 0 140 0 0 0 0 72 0 0 0 0 0 0 0 0 0 0 0 3196 145 0 0 0 230 0 0 0 0 0 102 0 0 0 0 0 0 0 0 0 0 0 0 0 0 138 188 0 0 0 0 0 0 1 0 0 0 0 0 0 0 0 0 0 0 0 0 0 0 0 0 0 0 276 0 0 0 0 0 0 0 452 0 131 0 160 0 0 0 0 0 0 0 0 0 162 0 0 0 0 0 0 0 0 0 0 0 0 0 0 0 0 0 0 3334 0 0 0 91 0 0 0 0 0 44 0 0 0 0 0 0 0 0 0 0 0
0 0 0 0 0 0 3178 0 0 0 0 0 0 0 0 0 0 0 0 0 0 0 0 0 0 0 0 0 0 0 0 0 0 0 0 0 0 0 0 4397 60 0 340 0 0 0 0 0 0 0 0 80 0 0 0 0 0 0 0 0 0 0 0 0 0 0 0 0 0 0 0 0 0 0 0 0 0 0 0 0 0 0 218 0 0 0 0 0 0 0 529 0 0 0 0 0 0 0 0 0 0 0 0 0 0 140 0 0 0 0 0 0 0 167 0 0 0 188 0 238 0 0 0 0 0 0 0 0 0 0 0 0 0 0 0 0 0 0 0 0 0 0 0 0 0 0 0 0 0 61 0 0 0 0 0 137 0 0 0 0 0 0 0 0 0 0 267 0 0 0 0 0 0 0 0 0 0 0 0 0 0 0 0 0 0 0 0 0 0 0 0 0 0 0 0 0 0 0 0 0
0 493 0 204 0 0 0 0 0 0 0 0 0 0 0 0 0 0 0 0 0 0 0 0 0 0 0 0 0 0 0 0 0 0 0 0 0 0 0 0 0 0 0 0 0 0 0 279 0 95 0 0 0 341 0 0 0 0 0 0 0 0 0 0 0 0 0 0 0 0 3029 30 0 17 0 0 0 0 154 0 54 0 0 0 296 0 0 260 0 0 0 0 0 0 0 0 0 0 0 0 0 0 0 0 0 0 610 0 0 0 0 0 0 0 0 0 0 0 314 0 0 0 75 0 0 0 0 0 0 50 0 0 0 0 0 0 0 0 0 0 0 0 0 0 293 0 0 0 0 0 0 0 0 3036 0 0 0 0 0 0 0 0 0 0 0 0 0 0 0 0 0 0 0 0 0 0 0 0 0 370 0 0 0 0 0 0 0 0 0 0 0 0 0 0 0 0 0 0 0 0
0 0 0 0 0 0 391 0 0 119 0 0 0 0 0 0 0 0 0 0 0 120 114 144 0 0 0 0 0 0 0 0 0 0 0 493 156 0 0 0 152 0 0 0 0 0 355 0 0 0 0 0 0 0 0 0 384 0 0 0 0 0 0 0 0 0 0 0 0 0 0 3327 0 0 0 0 0 0 0 0 0 0 0 0 0 0 0 0 0 0 0 0 0 0 0 0 0 0 0 0 0 0 0 0 0 0 0 0 0 0 0 0 0 3380 0 0 0 0 0 0 0 0 0 0 0 0 0 0 0 0 0 0 0 0 0 0 0 0 0 0 0 0 145 0 0 0 0 0 0 0 0 0 0 0 0 0 0 107 207 0 0 0 0 0 0 0 0 0 0 0 0 0 0 0 0 0 0 0 0 0 0 0 127 0 0 0 0 0 0 0 0 0 0 0 279 0 0 0 0 0
0 0 0 0 0 0 0 0 0 0 0 0 0 0 0 2 0 0 0 0 0 0 0 0 0 0 0 0 0 0 0 0 0 48 0 0 153 1158 0 0 0 0 0 0 0 0 0 0 0 0 0 209 0 0 0 0 0 0 0 0 0 0 0 0 0 0 0 0 0 0 0 0 0 0 226 0 0 0 0 0 205 0 0 0 0 0 0 0 85 0 0 0 0 0 0 150 0 0 0 0 0 0 0 0 0 3296 0 0 84 0 0 0 0 0 0 0 0 0 0 0 0 0 0 0 0 0 0 0 0 0 0 0 0 0 0 328 0 0 0 0 0 0 0 0 0 0 0 0 0 0 0 0 0 0 0 0 0 193 0 0 0 0 76 0 0 189 0 0 0 0 0 0 0 0 0 0 0 0 0 0 0 29 0 0 387 105 0 0 3077 0 0 0 0 0 0 0 0 0 0 0
0 0 0 0 0 0 0 0 0 0 0 0 0 0 0 0 0 0 0 0 0 0 0 0 0 0 0 0 0 0 0 0 372 0 0 171 0 0 0 0 0 0 0 0 0 0 0 180 0 0 0 0 0 0 0 0 0 0 88 0 0 0 3114 0 0 0 0 0 0 0 0 0 0 0 0 0 0 0 0 0 0 0 0 0 59 0 225 0 219 0 0 0 0 0 0 0 222 0 0 0 0 33 0 0 0 0 0 0 0 219 0 306 0 0 0 0 0 0 0 0 486 0 0 0 0 0 0 0 0 0 0 0 0 0 0 0 119 0 0 0 0 656 0 0 0 0 0 0 0 0 0 0 0 0 0 0 0 0 0 0 0 0 0 0 0 0 0 0 0 0 0 0 67 0 0 0 0 0 0 0 0 0 0 0 0 0 0 0 0 0 0 0 3464 0 0 0 0 0 0 0
0 0 0 0 0 0 0 319 0 0 130 0 0 0 0 0 0 0 0 0 0 0 0 0 20 0 0 0 0 0 0 0 0 0 0 0 0 0 0 0 0 0 0 0 0 0 0 0 0 0 0 0 0 84 0 0 0 0 0 0 0 377 0 0 0 277 0 894 0 0 0 0 0 0 0 0 0 0 0 0 0 0 0 0 0 0 0 0 0 0 0 0 0 0 0 0 0 3216 0 0 0 0 0 0 0 0 0 127 0 0 0 0 0 0 0 0 0 0 0 0 0 0 0 0 0 0 0 153 0 0 0 0 0 0 0 0 0 0 0 0 0 0 521 0 0 0 0 0 0 0 0 0 0 0 0 3595 0 244 0 0 0 0 0 0 0 0 0 0 0 0 0 0 0 43 0 0 0 0 0 0 0 0 0 0 0 0 0 0 0 0 0 0 0 0 0 0 0 0 0 0
0 0 0 0 0 0 0 3224 0 0 0 0 0 0 0 0 0 0 0 0 0 0 0 0 0 0 0 0 0 0 0 0 0 0 0 0 0 0 0 0 0 0 0 0 0 0 0 0 0 0 0 0 260 0 0 0 439 0 0 0 0 0 0 28 0 0 0 0 0 0 0 144 0 0 0 0 0 617 0 0 0 72 0 0 0 0 53 167 0 0 0 0 0 0 0 0 0 0 0 0 0 0 0 0 0 0 0 0 0 0 0 0 267 9 0 0 0 0 0 0 0 0 0 0 0 0 0 0 0 0 0 0 0 0 0 248 0 0 0 0 93 215 0 0 0 0 0 0 0 0 0 268 0 0 0 0 0 0 0 0 0 0 0 0 0 0 0 0 0 290 0 167 0 0 0 0 0 0 0 0 0 0 0 0 3157 58 0 0 0 224 0 0 0 0 0 0 0 0 0 0
0 442 0 0 0 0 0 0 0 0 0 0 0 386 0 0 0 0 0 80 0 3470 0 0 0 0 0 0 0 372 0 0 0 0 0 0 0 490 130 0 0 0 0 0 0 0 0 0 0 0 0 0 0 0 0 0 0 0 0 0 0 0 0 0 0 0 0 0 0 153 0 0 0 0 50 0 0 3298 0 0 0 0 0 0 0 0 0 0 0 0 0 62 0 0 0 23 0 0 0 0 0 0 0 0 0 0 0 0 0 0 0 0 0 0 0 0 0 0 116 25 0 0 0 0 0 0 0 0 0 0 0 0 0 0 0 128 0 0 0 0 0 0 0 0 0 0 0 22 0 0 125 0 0 0 0 0 0 0 0 0 0 0 0 0 0 0 0 106 0 0 0 0 0 0 0 0 0 0 0 0 0 0 0 0 0 0 151 0 0 0 0 0 0 0 0 0 371 0 0 0
0 0 0 0 0 0 0 0 0 28 0 0 0 0 0 0 0 3367 78 0 0 0 0 0 117 0 0 0 48 0 0 0 0 0 0 0 0 260 105 146 0 0 0 0 0 0 0 0 0 0 0 0 0 0 0 0 0 0 0 0 0 0 0 0 0 0 0 0 0 0 0 0 0 0 104 0 0 0 0 0 22 0 0 0 0 0 0 0 0 0 0 0 0 0 0 0 0 0 439 0 0 0 0 0 0 0 0 0 0 0 0 0 0 0 0 0 0 0 0 267 0 0 0 244 0 0 0 0 0 253 268 0 0 0 0 0 0 0 0 0 0 89 0 0 0 0 0 0 0 0 0 0 39 0 0 0 0 0 0 114 0 0 0 0 0 0 0 0 0 344 0 318 0 0 0 0 0 0 0 0 0 0 3350 0 0 0 0 0 0 0 0 0 0 0 0 0 0 0 0 0
0 0 242 0 0 0 435 0 82 0 0 0 0 0 0 0 0 0 0 0 0 0 0 0 0 0 0 0 0 0 0 0 0 0 0 0 0 0 0 0 0 0 0 0 0 0 0 0 0 114 0 0 0 0 0 0 0 0 0 0 0 0 0 0 0 0 0 0 0 0 0 0 551 0 0 0 0 0 0 0 0 0 0 0 0 0 0 0 0 3161 0 0 0 0 0 161 0 0 0 0 0 0 0 3155 0 0 0 0 0 0 123 0 0 0 0 0 0 815 0 0 0 0 0 0 0 0 0 0 0 0 0 0 0 0 0 0 0 0 0 0 0 0 0 0 0 0 0 0 0 0 65 0 132 0 0 246 0 0 0 0 0 78 0 0 0 0 0 0 0 0 0 0 114 0 0 0 0 0 0 0 0 0 0 242 0 0 0 0 0 0 0 284 0 0 0 0 0 0 0 0
0 0 0 111 0 0 0 0 139 0 0 0 0 0 0 0 0 0 0 0 0 0 0 0 0 0 0 493 0 171 0 0 0 0 0 0 0 0 390 0 4 0 147 0 0 0 0 0 0 0 256 0 122 0 0 0 0 0 0 0 0 0 293 0 0 0 0 0 0 0 0 0 0 0 0 0 0 0 0 0 0 0 0 0 412 0 0 0 0 0 0 0 0 0 0 0 0 0 0 0 0 0 0 22 0 56 47 0 0 0 79 0 0 0 30 0 3127 0 0 3117 0 0 0 0 291 0 0 216 0 0 0 0 0 0 0 0 0 0 0 0 0 0 0 0 0 186 0 45 0 0 0 0 0 0 0 0 0 0 0 0 0 0 0 0 0 0 0 0 0 0 0 0 0 0 0 0 0 0 0 0 75 0 0 0 0 0 0 0 0 0 90 0 0 0 0 0 81 0 0 0
0 0 0 0 0 0 0 0 0 0 0 288 121 0 139 0 0 0 0 0 0 0 0 0 0 0 0 156 153 0 0 0 0 0 0 0 0 0 0 0 0 0 0 0 0 167 0 0 0 0 384 0 0 0 0 15 0 0 0 0 0 0 0 0 0 0 0 0 0 0 0 0 0 0 0 0 0 0 76 0 0 0 0 0 0 0 0 0 0 0 0 0 0 0 0 0 0 0 0 0 155 0 0 0 0 0 0 0 0 0 0 0 0 0 0 0 0 0 0 0 0 0 0 0 0 0 0 251 0 0 0 0 0 0 0 154 308 0 0 0 0 3100 0 0 0 0 0 0 0 133 0 0 0 0 0 0 0 3148 0 0 0 0 0 0 0 380 489 0 0 0 0 0 0 0 0 0 0 135 0 0 0 188 0 0 28 0 0 0 0 32 0 0 0 0 0 0 0 0 0 0
0 0 0 0 0 0 0 0 0 0 0 158 0 0 0 0 0 0 0 0 0 0 0 0 0 0 0 0 1158 0 0 0 490 260 0 0 0 0 0 0 0 0 0 0 0 0 0 0 0 0 0 0 0 0 0 0 0 0 0 0 0 0 0 0 0 0 0 0 0 0 0 0 0 398 140 0 0 0 0 0 0 0 0 0 0 0 0 0 0 0 0 0 0 0 0 3157 0 0 0 0 0 0 0 0 0 0 0 0 0 0 0 0 0 0 0 0 0 0 0 0 0 0 0 0 0 0 0 0 0 0 0 0 0 0 0 0 0 0 0 0 94 0 0 0 0 0 0 0 0 0 0 0 0 0 0 0 3310 0 0 0 0 0 0 0 0 0 0 151 277 0 0 0 0 266 0 0 0 0 0 0 0 0 0 54 0 0 0 0 0 0 0 0 0 0 0 87 0 0 0 0
0 0 0 0 0 0 0 0 0 0 0 0 0 0 0 0 0 0 0 0 0 0 0 0 119 0 0 0 0 0 0 0 130 105 0 390 0 0 0 0 202 371 0 0 0 0 0 0 3299 0 0 0 0 0 0 4 0 0 0 171 0 0 154 0 0 0 0 0 0 0 0 0 0 0 0 0 0 0 0 85 0 0 0 0 0 0 3035 0 0 0 0 0 257 0 0 103 0 0 0 0 0 0 0 113 0 0 126 144 0 0 0 0 0 0 0 0 0 0 0 0 0 143 0 0 0 0 0 0 0 0 0 35 219 0 0 0 0 0 0 0 7 0 0 0 0 0 0 0 0 158 0 155 0 65 0 0 0 0 0 0 0 0 0 0 0 177 0 0 0 0 0 233 0 0 0 0 0 0 0 0 0 0 0 0 0 0 0 0 0 0 0 0 0 0 0 0 0 0 0 0
0 0 0 0 0 0 0 0 0 133 0 0 0 0 0 0 0 0 0 0 0 0 0 0 0 4397 0 0 0 0 0 0 0 146 0 0 0 0 0 0 0 0 0 0 0 0 0 0 0 0 123 0 0 0 306 479 0 0 0 0 0 0 0 0 0 0 0 0 0 0 0 0 0 0 0 0 0 0 0 0 0 0 394 0 0 0 0 0 0 0 0 0 0 0 0 0 0 0 0 0 0 0 0 0 0 0 0 0 0 0 0 0 0 0 0 363 0 0 275 0 0 0 0 0 0 0 0 0 0 0 0 0 0 0 0 0 0 0 0 0 0 0 0 0 0 0 0 0 0 0 0 0 0 0 0 0 0 3384 0 0 0 0 0 0 0 0 0 0 0 0 0 0 0 0 0 0 0 0 0 0 0 0 0 0 0 0 0 0 0 0 0 0 0 0 0 0 0 0 0 0
0 0 0 0 0 3245 0 0 0 0 0 0 201 0 0 0 0 41 0 0 0 0 0 0 0 60 0 152 0 0 0 0 0 0 0 4 0 0 202 0 0 0 0 137 0 0 0 0 0 0 0 212 0 0 0 0 0 0 0 0 0 0 0 0 0 0 0 0 0 561 224 0 0 0 0 0 3267 150 0 0 0 0 0 0 0 0 0 97 0 0 0 0 0 0 0 0 0 0 0 0 0 0 0 0 0 0 0 0 39 0 0 0 0 0 0 0 212 121 0 0 0 0 0 0 0 0 0 0 0 0 0 0 0 0 0 0 124 0 15 0 0 0 0 0 0 0 0 0 0 0 0 0 0 0 0 0 12 0 0 0 0 0 33 0 0 0 0 0 0 0 0 0 0 0 0 0 0 59 0 0 0 0 0 0 85 18 0 0 0 0 0 569 0 0 0 0 0 0 160 0
0 0 0 0 0 0 0 0 0 0 179 0 0 0 0 0 0 0 0 0 0 0 0 0 0 0 0 0 0 0 0 0 0 0 0 0 0 0 371 0 0 0 0 128 277 0 68 0 0 0 0 190 0 136 0 0 80 0 0 0 478 0 193 0 0 54 0 0 0 52 0 0 0 0 0 0 0 0 0 0 0 0 0 0 0 0 0 0 0 0 0 194 0 0 0 0 0 0 162 0 0 0 0 0 0 0 0 0 0 0 0 256 164 0 0 0 68 0 0 0 0 0 6502 0 0 0 0 0 0 135 0 64 0 0 0 0 0 0 0 0 0 0 0 0 0 0 0 0 0 0 0 24 0 113 0 0 0 0 0 0 0 0 0 0 0 0 0 0 0 0 0 0 0 0 0 0 0 50 0 0 0 0 0 0 0 0 0 0 0 0 0 3 0 0 0 0 59 0 0 0
0 0 243 0 0 0 0 0 0 0 0 0 0 0 0 0 0 0 0 0 0 0 130 0 0 340 0 0 0 0 0 0 0 0 0 147 0 0 0 0 0 0 0 0 0 272 373 0 222 0 117 0 0 0 0 116 0 0 0 0 0 0 0 353 0 0 0 0 0 0 0 0 0 44 0 0 58 0 0 0 0 0 0 0 0 0 0 0 47 0 0 0 0 0 0 0 203 0 0 0 0 0 0 0 0 0 0 0 0 0 0 0 0 0 0 0 0 0 0 0 0 0 0 0 0 0 0 346 0 0 3067 0 0 0 0 165 0 194 0 0 0 0 0 0 0 0 0 35 0 0 0 0 0 0 0 69 0 0 0 0 0 0 0 0 0 0 0 0 0 0 0 0 0 0 0 0 0 0 0 0 0 0 3253 0 0 0 0 0 0 0 60 0 0 0 0 0 0 0 146 0
0 0 0 0 0 0 0 0 0 0 0 0 0 0 0 0 3069 0 0 0 0 0 0 0 0 0 0 0 0 0 0 0 0 0 0 0 0 0 0 0 137 128 0 0 0 0 0 0 0 0 0 0 0 0 0 0 0 0 193 0 0 0 0 0 0 0 0 0 0 0 0 0 0 0 178 0 364 0 0 0 0 0 0 0 0 0 3196 0 0 355 0 0 0 0 0 117 0 33 0 0 0 0 0 0 0 48 0 0 0 0 0 0 146 0 0 0 0 0 0 0 0 0 0 0 0 0 0 0 32 0 0 0 0 0 0 0 0 0 0 0 0 0 0 0 0 0 0 0 0 0 0 0 0 0 0 0 0 0 0 0 0 0 0 0 0 0 0 0 0 0 0 0 1253 0 0 643 0 0 0 0 0 0 0 0 108 0 0 0 0 0 0 0 0 0 0 0 0 0 0 0
0 0 0 0 0 0 0 0 0 0 0 0 0 0 0 0 0 0 0 0 0 154 0 0 0 0 0 0 0 0 0 0 0 0 0 0 0 0 0 0 0 277 0 0 0 0 0 0 0 0 0 0 0 0 0 0 3103 161 0 0 0 0 0 0 0 0 371 8 0 0 0 0 0 0 0 0 0 0 289 0 0 0 0 0 0 0 0 0 0 0 0 0 0 0 0 0 0 0 0 0 0 0 121 0 0 0 0 0 0 0 0 0 0 0 162 0 0 0 0 0 0 277 0 0 0 0 0 0 0 0 0 0 152 0 0 0 0 0 3283 138 0 0 0 0 0 0 0 0 0 125 0 0 236 0 0 0 0 0 0 0 0 0 0 0 0 0 0 0 0 0 0 0 0 0 0 0 0 283 0 220 0 284 0 0 324 0 0 0 0 0 0 0 0 0 0 0 0 11 21 0
0 0 0 82 0 0 0 0 0 0 0 116 17 0 0 0 0 0 0 0 0 0 0 0 0 0 0 0 0 0 0 0 0 0 0 0 167 0 0 0 0 0 272 0 0 0 0 0 510 0 83 0 0 0 12 0 136 0 0 0 0 0 261 0 0 0 0 0 0 0 0 0 0 0 0 0 0 0 0 96 0 0 0 0 0 0 0 0 77 0 0 0 2 0 0 0 0 0 0 0 0 0 0 0 0 407 0 0 0 0 0 0 0 0 0 0 0 0 0 218 277 0 119 0 0 0 0 0 0 0 0 0 0 0 0 0 0 0 0 0 0 0 0 0 0 0 0 0 0 0 0 158 0 0 0 134 356 164 0 0 0 0 0 0 0 0 0 0 0 0 0 0 0 0 0 0 3036 0 0 0 0 0 0 0 0 0 0 0 0 0 0 0 0 0 0 0 0 0 3300 0
0 0 0 0 0 0 0 0 0 0 0 0 0 0 0 0 0 0 0 0 0 0 0 0 0 0 0 355 0 0 0 0 0 0 0 0 0 0 0 0 0 68 373 0 0 0 0 0 0 0 0 0 0 0 0 0 0 0 0 0 0 361 0 0 0 222 0 0 0 0 0 0 0 0 0 0 0 0 0 0 0 0 0 626 0 0 0 0 0 0 0 0 0 6512 0 0 0 0 0 0 0 0 0 0 0 0 0 0 0 0 0 0 0 400 106 0 0 0 10 0 0 0 0 0 0 0 0 190 0 0 0 0 0 0 198 0 0 0 0 0 0 0 0 0 0 73 0 0 0 0 0 0 0 0 0 0 0 0 0 0 0 0 0 0 0 0 0 0 0 132 0 0 0 0 0 151 0 0 0 0 0 0 0 0 0 0 0 0 0 0 0 0 0 0 0 0 0 223 0 0
0 0 0 0 0 0 0 0 141 0 0 0 0 0 0 0 0 0 0 0 0 0 0 0 0 0 279 0 0 180 0 0 0 0 0 0 0 0 0 0 0 0 0 0 0 0 0 0 294 0 0 0 0 0 0 0 0 0 552 0 0 0 0 0 0 0 86 0 0 159 0 0 0 0 0 0 0 0 0 0 0 0 0 0 0 0 0 0 0 0 577 0 0 0 0 0 224 0 0 20 0 0 0 0 0 0 0 0 468 0 0 0 0 0 0 0 0 0 81 0 0 0 0 0 0 168 0 0 0 0 0 0 0 0 0 0 0 0 0 0 0 0 0 3453 0 3318 0 0 0 0 0 0 0 0 0 0 0 0 0 0 0 0 0 0 0 0 0 0 0 0 0 0 0 0 0 0 0 0 0 0 0 0 0 0 0 0 0 0 0 0 0 0 0 0 0 0 0 0 0 0
0 0 0 0 0 0 0 0 0 0 0 0 0 0 0 0 0 0 0 0 0 0 0 0 0 0 0 0 0 0 0 0 0 0 0 0 0 0 3299 0 0 0 222 0 0 510 0 294 0 0 0 0 0 0 0 0 0 0 0 0 0 0 0 0 0 0 0 0 0 525 0 0 0 176 0 0 0 0 0 0 170 0 0 3374 0 0 0 0 0 0 0 0 0 0 0 0 0 0 167 0 0 0 0 0 0 0 0 0 0 0 0 0 0 0 0 0 0 0 0 0 0 236 0 0 0 0 0 0 0 0 0 0 171 0 0 0 0 0 0 0 0 128 0 188 0 0 0 0 197 0 0 0 0 0 0 0 0 0 0 0 0 0 0 0 0 0 0 0 0 0 0 0 0 0 0 0 0 0 0 0 0 0 0 0 0 0 0 0 0 0 0 0 0 0 0 0 0 138 205 0
0 0 0 0 0 41 0 50 222 0 0 0 260 0 0 0 0 227 0 0 0 0 0 0 0 0 95 0 0 0 0 0 0 0 114 0 0 0 0 0 0 0 0 0 0 0 0 0 0 0 0 222 0 0 0 0 0 0 0 0 0 0 0 129 331 0 0 0 0 0 0 0 0 0 0 0 0 0 0 0 85 0 0 0 0 0 0 0 0 0 0 0 0 14 0 0 61 0 0 0 0 0 0 0 3212 0 0 0 0 0 0 0 0 0 79 0 0 0 73 45 0 0 0 0 0 0 0 0 0 0 0 0 0 0 0 0 0 0 0 0 56 0 0 58 0 0 0 71 0 0 0 130 0 0 0 0 0 0 0 0 3393 87 0 0 0 0 0 0 0 0 234 0 0 0 0 0 0 0 0 0 0 0 0 0 0 0 651 0 0 0 0 0 0 60 0 0 0 0 0 0
0 0 0 0 0 184 0 0 0 0 0 0 0 0 0 0 0 197 0 0 105 0 0 0 312 0 0 0 0 0 0 0 0 0 0 256 384 0 0 123 0 0 117 0 0 83 0 0 0 0 0 0 0 0 0 0 0 0 0 0 0 0 0 101 0 0 386 0 324 0 0 0 0 0 0 0 0 0 0 0 0 223 0 0 0 0 0 0 0 0 0 0 0 0 0 0 0 0 0 0 0 0 0 0 0 0 0 0 0 0 0 0 0 0 0 0 0 0 0 0 0 0 0 3159 0 181 0 0 0 0 0 0 310 0 3100 0 0 0 0 0 0 0 0 0 0 0 0 0 0 0 0 0 0 0 0 0 0 0 0 0 0 0 0 0 0 0 0 0 0 0 0 147 0 0 0 0 0 0 0 0 0 182 0 0 0 126 0 0 0 0 0 0 0 0 0 0 0 0 0 0
0 0 286 0 0 0 0 0 0 0 0 0 0 0 0 0 0 0 0 0 0 0 0 167 0 80 0 0 209 0 0 0 0 0 0 0 0 0 0 0 212 190 0 0 0 0 0 0 0 222 0 0 0 91 0 0 0 0 0 0 0 0 0 0 0 269 3242 0 0 0 0 0 0 0 0 0 0 0 0 0 0 0 0 0 0 0 63 0 0 0 0 0 0 0 0 0 0 0 0 177 0 138 0 0 0 0 0 0 0 0 0 0 0 0 0 0 0 0 0 0 0 0 0 0 0 0 0 0 0 0 0 0 0 0 0 0 0 0 0 494 0 0 0 0 0 0 0 0 0 0 0 0 0 0 0 0 0 0 0 0 0 0 0 0 0 0 0 0 0 0 0 0 0 0 0 0 0 267 0 0 0 0 0 0 0 0 0 242 0 0 152 3191 0 0 0 0 195 0 0 113
214 174 0 0 0 0 0 0 0 0 0 0 0 3552 45 0 0 0 0 0 0 0 0 0 0 0 0 0 0 0 0 260 0 0 0 122 0 0 0 0 0 0 0 0 0 0 0 0 0 0 0 0 0 0 0 0 0 0 0 0 0 0 0 0 0 0 0 0 0 79 246 0 0 0 0 0 0 0 0 219 0 5 0 0 3206 275 0 0 0 0 0 0 0 0 0 0 0 0 0 0 0 0 0 0 83 0 0 0 0 0 0 0 0 3 0 0 0 0 0 0 0 0 0 0 298 0 0 0 0 0 0 0 21 0 0 0 0 0 0 0 0 0 0 0 0 0 0 0 0 0 0 0 0 0 259 0 0 393 0 0 0 92 0 0 0 0 0 0 0 0 0 0 0 0 316 0 0 0 0 0 0 0 0 73 0 0 0 0 0 65 0 0 0 0 0 0 0 0 0 0
0 0 67 32 0 0 0 0 0 82 32 0 0 0 0 3107 85 0 0 0 0 0 0 85 0 0 341 0 0 0 84 0 0 0 0 0 0 0 0 0 0 136 0 0 0 0 0 0 0 0 0 91 0 0 0 0 0 0 0 0 0 0 0 0 0 0 0 0 0 0 0 0 0 0 0 0 0 0 0 0 0 0 0 0 0 0 0 0 10 0 0 0 0 0 0 0 0 0 0 0 251 183 0 0 0 0 0 0 0 0 0 0 0 0 0 0 50 0 211 0 0 0 0 0 0 0 0 0 200 0 0 0 0 0 0 0 0 0 0 0 347 0 246 0 0 226 0 0 0 0 0 0 140 0 0 0 0 0 0 0 0 0 21 0 0 0 0 0 3726 0 0 0 0 0 0 0 0 0 0 0 0 0 0 247 0 0 0 0 0 0 0 0 0 0 0 0 0 0 0 0
0 0 0 0 0 178 0 0 0 0 0 0 0 0 0 215 0 1 0 0 0 0 0 0 0 0 0 0 0 0 0 0 0 0 0 0 0 0 0 306 0 0 0 0 0 12 0 0 0 0 0 0 0 0 0 0 0 0 0 0 0 0 0 0 0 0 0 0 0 0 0 0 0 0 0 0 0 457 0 0 232 0 0 0 0 0 228 0 0 0 3107 0 0 0 0 0 0 0 0 0 0 0 0 0 0 109 0 0 0 0 0 0 0 0 0 0 0 0 0 81 0 0 0 0 0 0 0 0 386 0 0 0 0 0 0 0 0 0 0 0 0 0 0 0 0 0 0 38 0 0 0 0 0 0 48 0 0 0 555 0 0 0 0 0 0 209 0 0 0 0 0 0 0 0 0 0 0 0 0 324 0 0 203 0 0 0 0 0 0 0 0 0 0 0 0 0 3311 0 0 0
0 0 0 0 0 0 0 0 0 0 0 0 0 0 71 0 0 0 0 0 0 95 0 0 0 0 0 0 0 0 0 0 0 0 0 0 15 0 4 479 0 0 116 0 0 0 0 0 0 0 0 0 0 0 0 0 0 0 0 0 3434 53 0 0 0 0 0 0 0 0 0 0 0 0 0 0 0 0 0 0 0 0 198 0 0 0 0 371 0 0 0 0 0 0 0 0 0 0 0 0 0 0 0 279 0 0 0 0 0 0 0 0 138 0 0 1 0 0 0 0 0 0 0 0 3352 437 0 0 0 0 0 0 113 0 45 0 0 0 0 0 0 0 0 0 0 0 0 0 0 0 0 0 0 0 0 0 0 0 0 0 0 0 0 0 0 0 0 0 0 0 0 0 0 0 0 0 177 0 0 0 0 0 0 0 0 0 0 0 0 0 0 0 459 0 163 0 0 0 0 0
0 0 0 0 146 0 0 0 113 229 0 0 0 0 0 0 0 0 0 0 0 0 0 0 0 0 0 384 0 0 0 439 0 0 0 0 0 0 0 0 0 80 0 0 3103 136 0 0 0 0 0 0 0 0 0 0 0 0 0 0 0 0 0 0 0 99 0 294 0 0 0 0 0 0 0 144 0 0 0 0 0 0 0 0 0 346 0 0 0 0 0 0 0 0 0 0 0 0 0 0 0 0 0 0 0 0 0 0 0 0 0 116 0 0 14 0 0 0 0 0 0 0 0 0 0 0 89 0 0 81 3066 0 0 0 0 0 0 0 0 20 0 0 0 0 0 0 0 50 0 0 0 0 0 0 0 0 149 22 0 153 0 0 0 0 0 0 0 0 0 0 204 0 0 0 0 0 38 0 0 0 0 0 0 0 0 0 0 389 0 0 0 0 0 96 0 0 0 0 0 0
0 0 0 0 0 0 0 0 0 0 92 0 0 0 0 0 0 0 0 0 0 0 0 0 0 0 0 0 0 0 0 0 0 0 0 0 0 0 0 0 0 0 0 0 161 0 0 0 0 0 0 0 0 0 0 0 0 0 0 0 0 0 0 139 0 0 0 0 121 0 0 0 0 0 0 188 0 0 0 0 112 0 0 0 0 0 0 0 0 0 0 0 0 0 0 0 0 0 143 0 0 248 156 73 0 0 0 0 0 0 3360 322 0 0 0 0 0 0 0 0 0 0 0 0 0 0 3294 159 0 0 0 0 0 0 17 0 0 0 0 0 0 0 0 0 0 0 0 0 0 0 0 0 0 0 0 0 0 0 0 0 0 0 0 0 0 0 0 114 0 0 94 0 0 0 0 0 0 0 0 0 179 0 0 334 0 0 0 0 0 0 0 0 0 0 0 0 0 694 0 0
0 0 0 0 0 0 0 0 0 165 0 0 75 0 0 0 0 0 0 0 0 0 0 0 0 0 0 0 0 88 0 0 0 0 0 0 0 0 0 0 0 0 0 193 0 0 0 552 0 0 0 0 0 0 0 0 0 0 0 0 442 0 154 0 0 0 0 0 0 129 0 0 0 0 0 0 0 0 0 0 187 0 0 124 0 253 0 0 0 0 0 0 0 0 0 0 3292 54 0 0 0 0 0 0 0 0 0 0 0 277 0 0 0 0 0 0 0 213 0 0 0 0 0 0 0 0 0 0 0 0 0 0 0 0 0 184 0 0 161 0 0 0 150 0 0 0 0 0 0 0 0 0 0 0 0 0 0 0 0 0 0 0 0 0 0 0 0 0 0 0 0 0 3087 0 0 0 0 0 189 0 0 31 0 0 0 0 0 0 0 0 0 0 0 0 0 0 0 0 0 0
0 0 0 0 0 0 0 0 0 0 0 0 0 0 0 0 0 3893 0 0 0 0 0 0 0 0 0 0 0 0 0 0 0 0 0 0 0 0 171 0 0 0 0 0 0 0 0 0 0 0 0 0 0 0 0 0 0 0 0 0 0 0 0 0 0 0 0 0 0 0 0 0 343 196 0 0 0 0 291 0 0 0 138 0 0 0 0 0 0 0 0 0 0 0 0 0 0 0 0 0 0 0 261 0 0 0 0 0 0 0 0 0 0 0 0 0 0 0 0 0 0 0 0 0 0 0 0 0 0 0 0 0 0 0 0 0 0 0 0 0 0 0 0 0 0 0 0 0 0 0 0 3267 0 0 0 483 0 0 0 0 0 0 0 0 0 0 0 0 0 0 0 0 0 0 0 0 0 0 0 0 0 168 0 0 0 422 0 0 0 0 0 0 0 367 0 0 0 0 0 0
0 0 78 0 0 0 0 0 0 34 0 0 0 0 0 0 0 0 0 0 0 0 0 0 0 0 0 0 0 0 0 0 0 0 0 0 0 0 0 0 0 478 0 0 0 0 0 0 0 0 0 0 0 0 0 3434 0 0 442 0 0 0 0 0 0 0 0 0 0 0 66 0 0 0 0 0 0 0 0 0 0 0 0 0 0 0 0 0 0 0 0 0 0 0 0 0 0 0 42 0 0 0 0 0 0 0 0 0 0 0 311 0 0 0 0 0 0 0 0 0 0 0 0 0 0 0 650 0 0 0 0 0 286 0 0 0 0 0 0 0 0 0 0 0 0 0 0 0 277 0 0 0 0 0 0 0 0 0 0 0 0 0 0 0 0 0 0 0 0 0 0 0 0 0 0 0 0 0 0 0 0 0 0 0 50 0 0 0 0 0 0 3852 0 0 0 0 0 0 0 0
0 0 0 0 0 0 0 0 0 0 0 0 0 0 0 0 0 0 0 0 0 0 0 570 0 0 0 0 0 0 377 0 0 0 0 0 0 0 0 0 0 0 0 0 0 0 361 0 0 0 0 0 0 0 0 53 0 0 0 0 0 0 0 0 0 0 0 57 0 0 0 0 0 0 5 0 0 0 0 0 0 0 0 0 0 0 0 0 0 0 0 0 0 0 0 0 0 0 0 0 0 0 0 0 0 0 0 0 0 0 0 0 215 0 0 0 0 0 0 0 0 0 0 0 0 0 0 0 0 0 0 0 0 0 0 0 0 0 104 0 0 0 0 0 3172 0 0 543 0 0 193 0 0 0 550 0 0 0 0 0 0 0 0 0 0 0 0 0 0 0 0 0 0 0 0 0 0 0 0 0 0 60 0 0 0 0 0 0 136 0 0 0 0 0 0 0 109 0 0 3495
0 0 0 0 0 0 0 0 0 0 0 0 0 0 0 0 0 0 0 0 0 3433 0 0 0 0 0 0 0 3114 0 0 0 0 0 293 0 0 154 0 0 193 0 0 0 261 0 0 0 0 0 0 0 0 0 0 0 0 154 0 0 0 0 0 0 0 0 0 0 163 0 0 0 0 0 0 0 0 0 0 0 0 0 0 116 0 0 0 0 7 107 0 0 0 0 0 0 0 0 259 0 0 105 266 0 0 0 256 235 0 57 0 0 0 0 0 0 0 0 0 0 0 0 0 0 0 124 0 0 66 0 0 0 0 0 67 0 0 0 0 0 0 0 0 0 0 0 0 0 0 32 0 0 0 0 0 0 0 16 0 0 0 0 0 139 42 0 0 0 0 0 0 0 0 0 0 0 0 0 0 0 0 0 0 0 0 97 0 0 0 0 0 0 0 0 0 0 0 0 244
0 0 0 0 0 0 0 0 0 115 0 0 0 0 0 0 118 115 0 0 0 0 0 0 0 0 0 0 0 0 0 28 0 0 0 0 0 0 0 0 0 0 353 0 0 0 0 0 0 129 101 0 0 0 0 0 0 139 0 0 0 0 0 0 0 0 0 0 0 0 124 0 89 0 0 0 0 0 0 94 78 0 221 0 0 59 151 0 69 0 0 0 0 0 0 0 0 0 0 0 0 0 0 0 0 0 0 0 0 0 0 0 123 0 0 0 0 0 0 0 3240 0 0 0 0 0 0 0 0 0 0 0 0 0 0 0 166 138 0 0 0 3249 0 0 0 0 0 0 0 0 0 0 0 0 0 0 0 0 0 0 0 34 0 0 200 0 0 0 147 0 324 0 0 0 0 0 0 0 0 0 0 0 0 80 0 0 0 0 0 0 0 0 0 0 0 0 0 288 28 0
214 0 0 0 0 0 0 0 0 0 0 0 0 0 0 0 0 0 0 0 0 0 0 0 0 0 0 0 0 0 0 0 0 0 0 0 0 0 0 0 0 0 0 0 0 0 0 0 0 331 0 0 0 0 0 0 0 0 0 0 0 0 0 0 0 194 0 0 0 0 0 0 0 0 0 0 0 0 0 0 0 3365 0 0 0 0 0 0 0 0 22 0 0 480 3278 0 0 0 0 0 60 0 114 0 0 90 0 0 0 0 49 0 0 0 0 0 0 0 0 0 0 0 0 0 0 0 0 0 0 0 0 91 0 0 0 0 0 0 0 0 0 0 0 310 0 0 0 0 0 0 0 0 0 368 0 0 0 0 0 0 347 0 0 0 0 0 0 0 0 0 0 0 0 0 0 0 0 246 0 70 0 0 0 0 0 19 0 0 0 0 0 0 0 0 0 0 0 0 352 0
0 0 0 0 0 0 0 119 0 159 0 0 87 0 25 133 0 0 0 0 6 0 0 0 0 0 0 0 0 0 277 0 0 0 0 0 0 0 0 0 0 54 0 0 0 0 222 0 0 0 0 269 0 0 0 0 99 0 0 0 0 0 0 0 194 0 0 0 0 0 0 0 0 0 0 0 0 0 0 0 0 0 0 185 0 0 0 0 0 0 0 0 0 28 0 0 3020 100 0 0 151 3246 0 0 0 0 0 0 0 0 0 0 0 0 0 0 0 0 0 0 0 0 121 0 0 0 0 0 0 0 0 0 0 0 0 0 0 0 247 0 0 0 370 0 0 35 167 0 0 0 0 0 0 0 0 0 0 0 0 0 0 0 0 0 0 0 0 0 0 0 0 0 0 0 0 0 0 0 0 0 0 0 0 0 0 0 0 0 0 0 0 150 182 0 148 0 206 0 0 0
0 0 0 0 0 0 0 0 0 0 0 0 0 0 0 0 0 0 3692 154 0 0 0 0 140 0 0 0 0 0 0 0 0 0 0 0 0 0 0 0 0 0 0 0 371 0 0 86 0 0 386 3242 0 0 0 0 0 0 0 0 0 0 0 0 0 0 0 0 0 0 0 0 0 0 0 0 173 0 0 0 0 0 0 0 0 0 0 0 0 0 0 0 0 0 0 0 0 0 0 0 0 0 0 0 0 0 0 0 0 0 0 0 0 0 11 0 0 0 0 0 0 0 0 0 0 0 0 0 0 0 0 0 0 0 0 0 0 0 0 0 0 0 0 0 0 0 0 0 0 0 0 0 9 332 0 0 144 0 0 0 13 0 142 0 531 145 0 0 0 0 0 71 0 0 319 39 0 0 0 0 0 0 0 0 0 0 0 0 0 0 0 0 0 0 0 0 0 0 0 0
0 291 0 0 0 0 0 0 0 0 0 0 0 0 0 0 0 0 0 0 0 0 0 0 0 0 0 0 0 0 894 0 0 0 0 0 0 0 0 0 0 0 0 0 8 0 0 0 0 0 0 0 0 0 0 0 294 0 0 0 0 57 0 0 0 0 0 0 0 0 0 0 0 0 0 0 219 0 0 0 167 0 0 0 0 0 0 0 0 0 0 0 0 0 0 0 0 0 0 0 22 0 0 0 0 0 0 0 0 0 0 0 0 0 0 0 89 0 0 0 0 0 0 3275 0 0 0 0 0 0 135 197 0 268 0 0 0 0 0 16 112 29 0 0 0 0 0 0 0 0 0 0 0 0 0 0 0 0 0 0 0 0 0 0 0 0 0 0 0 0 13 0 0 0 0 0 0 0 0 0 0 0 0 0 0 0 0 0 305 169 0 0 0 0 0 0 3440 0 0 0
0 0 0 0 0 0 0 0 0 0 200 0 0 0 0 0 0 0 0 0 0 0 0 0 0 0 0 0 0 0 0 0 0 0 0 0 0 0 0 0 0 0 0 0 0 0 0 0 0 0 324 0 0 0 0 0 0 121 0 0 0 0 0 0 0 0 0 0 0 0 42 0 0 0 0 0 0 0 139 0 143 156 0 0 0 0 0 0 0 0 0 0 0 1311 0 0 0 0 0 0 0 0 0 0 0 0 0 0 0 0 0 0 0 0 0 0 0 0 0 309 0 0 0 0 0 0 0 0 0 0 0 0 0 0 0 0 0 0 0 0 0 0 0 0 0 0 0 0 0 0 0 0 0 0 0 0 0 0 0 0 0 0 0 0 0 0 0 0 0 0 0 63 0 0 297 0 234 0 282 22 0 0 0 0 0 0 0 0 0 0 0 0 192 0 6165 0 0 0 0 0
0 0 0 0 0 0 0 0 48 0 0 0 0 0 0 0 0 0 0 0 0 0 0 54 0 0 0 0 0 0 0 0 153 0 0 0 0 0 0 0 561 52 0 0 0 0 0 159 525 0 0 0 79 0 0 0 0 0 129 0 0 0 163 0 0 0 0 0 0 0 0 0 0 0 34 0 0 0 0 0 3058 32 0 0 0 0 0 0 24 0 0 0 0 0 0 0 54 0 0 0 0 15 0 0 0 0 0 0 0 0 0 0 0 0 0 0 0 0 0 0 0 0 0 85 0 0 0 0 0 0 61 0 62 0 0 0 0 0 0 0 0 0 0 0 0 0 0 0 0 3291 0 0 62 0 0 0 238 126 0 0 0 0 7 0 0 0 0 0 251 205 96 0 70 0 0 0 0 130 95 0 0 0 0 0 81 0 0 0 0 0 0 0 0 0 0 0 0 0 0 0
278 0 0 0 0 432 0 0 0 0 0 114 1 0 0 0 0 0 0 0 0 68 0 0 0 0 3029 0 0 0 0 0 0 0 0 0 0 0 0 0 224 0 0 0 0 0 0 0 0 0 0 0 246 0 0 0 0 0 0 0 66 0 0 124 0 0 0 0 42 0 0 0 0 0 0 0 0 0 0 0 0 0 0 0 0 0 0 290 0 0 0 0 0 0 0 0 181 0 0 0 0 0 0 0 0 0 0 0 0 0 0 0 0 135 0 0 0 0 0 0 0 0 0 0 0 0 0 0 358 0 24 0 0 0 0 0 0 0 0 0 0 0 0 0 0 0 0 0 395 0 0 0 0 0 40 0 2 0 0 0 0 0 0 0 0 0 0 0 0 0 0 0 0 0 0 0 0 0 0 0 0 0 0 0 0 0 328 0 0 0 0 251 0 0 0 3372 0 0 0 0
0 0 0 0 0 0 56 0 0 0 140 0 0 0 0 0 0 228 0 0 0 0 0 0 72 0 30 3327 0 0 0 144 0 0 0 0 0 0 0 0 0 0 0 0 0 0 0 0 0 0 0 0 0 0 0 0 0 0 0 0 0 0 0 0 0 0 0 0 0 0 0 0 0 0 0 0 0 0 0 0 0 0 0 0 0 0 0 0 0 0 0 0 0 0 0 0 0 3339 0 0 0 0 0 0 0 0 0 0 0 0 0 0 0 0 0 0 113 0 0 0 0 0 0 154 0 0 221 8 0 0 0 0 0 0 0 0 0 0 0 0 0 0 0 0 0 0 672 0 0 0 0 0 0 0 0 0 0 336 0 322 0 0 0 0 0 0 0 0 0 0 0 0 0 210 0 0 0 0 0 0 0 0 0 0 0 0 0 0 0 0 0 88 84 0 0 456 0 0 0 0
0 0 0 0 0 0 0 185 0 0 0 0 0 0 0 0 0 0 0 75 0 0 0 30 0 0 0 0 0 0 0 0 0 0 551 0 0 0 0 0 0 0 0 0 0 0 0 0 0 0 0 0 0 0 0 0 0 0 0 343 0 0 0 89 0 0 0 0 0 0 0 0 0 0 0 0 91 0 0 0 0 0 285 0 0 0 0 0 0 0 0 0 0 0 0 0 168 0 0 0 3194 0 0 57 0 0 0 0 0 0 0 0 0 0 0 160 0 0 0 0 0 0 410 0 0 0 0 0 0 0 0 0 16 0 0 0 0 0 0 0 118 26 0 0 59 0 0 0 0 0 0 0 0 207 0 117 0 0 0 0 0 0 0 0 0 0 0 0 0 0 0 0 0 0 0 0 0 0 0 0 0 3178 0 0 4 0 0 0 0 0 0 0 61 0 574 0 0 0 2 0
0 0 0 0 0 0 0 0 0 0 0 0 0 0 0 0 0 0 0 0 3255 0 0 0 0 0 17 0 0 0 0 0 0 0 0 0 0 398 0 0 0 0 44 0 0 0 0 0 176 0 0 0 0 0 0 0 0 0 0 196 0 0 0 0 0 0 0 0 0 0 0 0 0 0 121 0 0 0 0 0 0 0 0 0 0 0 0 0 0 334 0 0 0 0 0 0 0 0 0 0 0 0 0 0 0 163 401 0 0 0 0 0 183 0 0 0 0 170 0 3114 0 0 0 65 585 0 0 0 0 0 0 0 0 353 0 0 0 0 0 0 0 0 0 0 0 0 0 0 0 0 0 0 0 0 0 0 33 0 0 0 0 23 0 0 0 0 0 0 0 0 0 0 0 0 0 0 0 0 63 167 0 0 0 0 0 0 0 0 0 0 0 0 0 0 139 0 0 0 0 0
0 0 0 0 50 0 0 0 55 3122 0 0 35 0 0 0 0 0 0 0 0 0 199 0 0 0 0 0 226 0 0 0 50 104 0 0 0 140 0 0 0 0 0 178 0 0 0 0 0 0 0 0 0 0 0 0 0 0 0 0 0 5 0 0 0 0 0 0 0 34 0 0 0 121 0 227 0 0 0 0 0 0 0 0 0 0 123 113 0 0 0 0 0 304 0 89 0 0 0 0 0 0 0 0 0 0 0 0 0 0 0 0 0 0 145 0 0 0 34 0 0 0 0 0 0 0 0 0 0 0 0 552 0 249 0 0 0 0 0 0 0 0 0 0 0 0 46 0 0 0 0 0 0 0 0 0 0 0 0 0 0 0 0 0 0 0 0 0 3221 0 0 0 67 0 0 0 0 336 0 0 0 0 0 0 0 0 0 175 0 0 0 0 0 0 0 0 0 0 0 0
0 0 0 413 0 0 0 0 320 0 0 0 0 0 0 0 79 0 0 0 0 0 0 0 0 0 0 0 0 0 0 0 0 0 0 0 0 0 0 0 0 0 0 0 0 0 0 0 0 0 0 0 0 0 0 0 144 188 0 0 0 0 0 0 0 0 0 0 0 0 0 0 0 0 227 0 0 0 0 0 0 0 0 0 0 0 0 0 0 0 0 0 0 0 0 0 0 0 0 0 0 0 0 0 0 0 0 0 0 0 0 0 0 0 0 0 0 0 0 0 0 144 0 0 0 618 0 3268 0 268 367 0 207 0 0 0 0 0 0 0 0 0 0 0 0 56 0 0 0 0 0 0 0 0 0 0 0 0 54 199 0 0 0 0 0 0 0 0 0 0 0 0 0 0 0 0 51 0 0 0 3397 0 0 0 0 0 0 0 0 0 0 0 0 0 0 0 0 0 0 0
0 51 0 0 0 0 0 0 0 0 0 0 0 0 0 0 84 0 0 0 0 463 0 0 0 0 0 0 0 0 0 0 0 0 0 0 0 0 0 0 3267 0 58 364 0 0 0 0 0 0 0 0 0 0 0 0 0 0 0 0 0 0 0 0 0 0 173 219 0 0 0 0 91 0 0 0 0 84 0 0 0 0 0 0 0 0 0 0 0 0 0 0 296 0 0 0 0 196 23 0 0 0 0 0 0 293 0 0 0 0 0 0 36 0 0 0 0 0 0 0 152 0 0 0 0 0 0 0 0 0 195 0 0 0 0 0 0 0 69 0 0 0 0 0 0 0 0 0 0 0 78 0 0 0 0 0 0 0 164 138 0 0 0 62 0 0 0 0 0 0 0 0 0 0 0 0 0 0 0 141 0 0 0 0 0 76 0 0 169 0 0 0 0 0 0 0 0 3058 0 0
0 0 0 0 0 0 0 0 0 0 0 0 0 0 0 0 0 0 0 0 0 0 3235 133 0 0 0 0 0 0 0 617 3298 0 0 0 0 0 0 0 150 0 0 0 0 0 0 0 0 0 0 0 0 0 457 0 0 0 0 0 0 0 0 0 0 0 0 0 0 0 0 0 0 0 0 0 84 0 15 0 0 0 0 89 0 0 126 0 0 0 0 0 0 0 0 0 0 0 0 0 0 0 0 0 0 0 0 0 0 0 0 0 0 0 0 0 0 0 265 0 0 0 210 0 206 0 150 0 0 0 0 0 0 0 0 229 0 0 67 0 0 0 0 0 0 0 0 0 0 0 0 0 0 0 0 0 0 0 0 0 0 0 0 0 3 0 0 0 0 1 0 34 481 0 0 0 0 0 0 0 0 0 0 0 0 0 0 0 0 0 0 0 0 0 0 0 0 0 150 0
0 0 0 0 0 0 0 226 0 0 0 0 0 0 0 0 0 0 9 0 0 0 0 0 0 0 154 0 0 0 0 0 0 0 0 0 76 0 0 0 0 0 0 0 289 0 0 0 0 0 0 0 0 0 0 0 0 0 0 291 0 0 0 0 0 0 0 0 139 0 0 0 0 0 0 0 0 15 0 0 0 0 0 0 0 0 0 0 3597 0 0 0 0 0 0 0 0 0 0 0 0 0 0 0 0 0 0 0 0 0 0 0 0 0 0 0 0 0 0 0 3434 162 0 0 242 0 0 0 0 0 231 0 170 0 0 0 0 215 0 0 0 0 0 0 0 0 0 0 0 0 0 0 0 0 0 0 0 0 0 0 0 0 0 0 0 0 0 0 261 0 0 0 0 0 0 0 0 0 266 0 0 0 0 0 0 0 0 0 0 0 0 0 0 0 0 223 0 0 0 0
0 0 61 0 0 0 0 0 0 0 0 0 0 168 107 0 0 52 0 0 0 0 0 0 0 0 0 0 0 0 0 0 0 0 0 0 0 0 85 0 0 0 0 0 0 96 0 0 0 0 0 0 219 0 0 0 0 0 0 0 0 0 0 94 0 0 0 0 0 0 0 0 0 0 0 0 0 0 0 0 0 0 0 0 0 0 268 0 0 0 62 0 0 0 0 0 0 0 3747 0 0 0 0 0 0 0 0 0 0 0 0 161 0 0 0 0 0 0 0 0 0 0 0 0 0 0 0 0 189 0 0 0 0 224 0 0 0 0 75 0 36 0 0 0 0 0 0 0 0 0 0 0 0 0 0 100 0 0 0 0 0 0 0 104 0 363 0 0 0 0 0 0 0 0 0 0 19 0 0 0 54 73 0 0 81 0 0 0 0 111 0 0 0 3187 0 0 0 0 264 0
0 0 0 0 261 0 0 0 0 0 0 0 0 0 0 44 0 0 0 800 0 0 0 0 0 0 54 0 205 0 0 0 0 22 0 0 0 0 0 0 0 0 0 0 0 0 0 0 170 85 0 0 0 0 232 0 0 112 187 0 0 0 0 78 0 0 0 167 143 3058 0 0 0 0 0 0 0 0 0 0 0 0 0 0 0 0 265 0 0 112 0 0 0 0 0 0 0 0 0 0 0 0 0 0 0 0 0 0 0 0 0 0 0 0 0 0 0 0 0 0 0 0 83 0 0 0 0 0 0 70 0 0 0 0 0 0 348 0 0 0 0 0 0 0 0 0 0 82 0 0 0 0 0 0 75 0 0 0 0 0 0 0 0 0 0 0 0 0 0 0 0 0 0 0 0 3102 0 0 217 0 0 0 0 0 0 0 0 0 0 0 0 0 28 0 0 0 0 0 0 0
0 0 0 0 0 0 0 0 0 0 0 0 474 0 0 0 0 0 0 0 0 0 32 0 0 0 0 0 0 0 0 72 0 0 0 0 0 0 0 0 0 0 0 0 0 0 0 0 0 0 223 0 5 0 0 0 0 0 0 0 0 0 0 0 3365 0 0 0 156 32 0 0 0 0 0 0 0 0 0 0 0 0 87 0 0 0 0 0 0 0 0 0 0 0 0 0 0 0 0 0 0 179 0 0 0 0 0 216 0 0 0 0 251 0 0 0 0 0 0 0 0 0 0 0 0 0 0 0 0 0 0 0 32 0 0 0 0 0 0 0 0 0 0 0 348 0 0 201 0 0 0 0 0 0 0 0 120 0 216 0 0 0 0 0 0 0 141 32 0 0 0 0 0 3491 0 0 0 0 327 0 0 0 0 0 0 0 0 0 0 0 0 0 0 0 0 0 0 0 0 0
0 0 0 0 0 0 311 0 0 0 32 0 0 0 0 0 0 0 0 0 105 0 0 0 0 218 0 0 0 0 0 0 0 0 0 0 0 0 0 394 0 0 0 0 0 0 0 0 0 0 0 0 0 0 0 198 0 0 0 138 0 0 0 221 0 0 0 0 0 0 0 0 285 0 0 0 0 0 0 0 0 87 0 0 0 0 0 0 0 0 0 0 0 0 0 0 0 0 313 0 0 0 138 0 0 0 157 0 81 0 0 0 0 0 0 0 0 0 119 0 0 0 0 98 0 0 0 0 0 0 0 0 0 0 0 0 0 0 0 453 0 0 0 0 0 0 0 0 264 0 0 0 0 3232 0 0 0 0 0 0 0 0 0 0 0 0 0 0 0 0 0 0 0 0 3035 0 0 0 0 0 0 0 0 0 0 0 121 0 0 0 0 0 0 0 0 0 0 0 0 0
0 0 0 0 0 0 0 0 0 0 0 0 0 0 0 0 0 0 0 0 0 0 0 0 3196 0 0 0 0 0 0 0 0 0 0 0 0 0 0 0 0 0 0 0 0 0 626 0 3374 0 0 0 0 0 0 0 0 0 124 0 0 0 0 0 0 185 0 0 0 0 0 0 0 0 0 0 0 89 0 0 0 0 0 0 333 0 0 0 0 0 0 0 0 0 0 0 0 0 0 0 680 0 108 0 0 0 0 0 0 0 0 0 0 221 0 0 0 0 0 0 0 0 0 0 0 0 0 0 0 0 0 0 0 0 0 0 0 0 0 0 0 0 0 0 0 0 0 0 0 0 0 169 0 0 0 0 0 0 0 0 0 0 0 0 0 0 0 0 0 0 0 0 0 0 0 0 0 0 0 0 0 0 0 511 0 0 0 0 0 0 0 0 0 0 0 132 0 0 57 195
0 0 44 0 0 0 0 0 0 0 0 0 0 0 0 0 0 0 0 0 0 0 0 0 145 0 296 0 0 59 0 0 0 0 0 412 0 0 0 0 0 0 0 0 0 0 0 0 0 0 0 0 3206 0 0 0 0 0 0 0 0 0 116 0 0 0 0 0 0 0 0 0 0 0 0 0 0 0 0 0 0 0 0 333 0 0 0 0 0 0 0 0 0 0 0 0 227 137 0 0 0 0 0 0 0 0 0 0 19 0 0 3375 0 191 303 0 265 0 0 0 0 0 0 0 0 0 0 0 0 0 0 0 0 0 0 0 0 0 0 0 0 0 0 0 0 0 0 0 0 0 0 0 0 431 0 0 0 0 0 0 211 0 0 0 0 0 0 0 0 0 0 0 0 0 0 0 0 0 0 0 0 0 0 0 0 0 0 130 0 0 0 0 0 0 0 0 0 100 0 0
0 0 0 0 0 0 0 0 0 0 0 0 0 0 442 0 0 0 390 0 0 0 0 0 0 0 0 0 0 0 0 0 0 0 0 0 0 0 0 0 0 0 0 0 0 0 0 0 0 0 0 0 275 0 0 0 346 0 253 0 0 0 0 59 0 0 0 0 0 0 0 0 0 0 0 0 0 0 0 0 0 0 0 0 0 0 0 0 0 0 99 0 0 0 0 0 0 0 0 0 0 0 0 0 0 0 0 585 0 0 0 0 0 0 3070 0 0 0 172 0 0 0 0 0 0 0 0 0 0 0 255 0 0 0 16 0 0 0 0 0 3315 0 0 50 0 225 0 0 0 0 0 0 2 0 0 0 0 0 0 0 0 0 0 0 0 194 0 0 0 0 0 0 0 0 0 0 0 0 7 0 245 0 0 0 0 0 0 0 0 0 0 0 0 0 0 0 0 0 0 0
0 0 0 0 0 0 0 0 0 0 0 0 0 0 136 0 140 0 81 0 0 0 0 0 0 0 0 0 0 225 0 53 0 0 0 0 0 0 3035 0 0 0 0 3196 0 0 0 0 0 0 0 63 0 0 228 0 0 0 0 0 0 0 0 151 0 0 0 0 0 0 0 0 0 0 123 0 0 126 0 268 265 0 0 0 0 0 0 0 0 0 0 0 0 11 0 43 0 0 0 0 0 0 0 0 0 0 361 0 0 0 0 0 0 0 0 0 43 0 0 0 0 0 0 0 0 0 0 0 0 0 0 0 0 0 0 0 0 0 0 0 129 0 0 30 0 132 0 0 0 0 0 0 0 0 0 0 0 0 0 306 0 0 0 0 2 0 0 0 0 0 0 0 0 0 0 0 296 0 0 0 124 0 145 0 0 0 0 0 0 0 287 0 0 1 0 0 0 0 0 0
0 0 0 0 0 0 0 0 0 0 0 0 0 0 3172 0 0 0 0 0 0 0 0 0 0 0 260 0 0 0 0 167 0 0 0 0 0 0 0 0 97 0 0 0 0 0 0 0 0 0 0 0 0 0 0 371 0 0 0 0 0 0 0 0 0 0 0 0 0 0 290 0 0 0 113 0 0 0 0 0 0 0 0 0 0 0 0 0 0 0 0 3456 0 0 0 0 0 230 0 0 0 0 0 0 620 0 0 109 0 0 0 0 0 0 0 0 0 70 0 9 0 0 0 0 0 0 0 0 0 0 0 0 0 0 0 0 0 0 0 0 0 0 0 0 0 302 0 0 0 0 0 0 0 0 0 0 0 0 0 0 0 0 0 0 0 0 0 0 0 0 561 0 0 0 0 0 0 0 0 0 0 154 0 0 0 0 0 0 0 0 19 0 0 0 0 0 0 0 0 0
0 0 0 0 0 0 0 0 0 0 0 0 0 141 0 0 0 0 0 0 0 0 0 0 230 0 0 0 85 219 0 0 0 0 0 0 0 0 0 0 0 0 47 0 0 77 0 0 0 0 0 0 0 10 0 0 0 0 0 0 0 0 0 69 0 0 0 0 0 24 0 0 0 0 0 0 0 0 3597 0 0 0 0 0 0 0 0 0 0 0 0 0 0 0 0 0 0 0 0 0 0 0 0 0 0 0 0 0 0 0 0 0 0 167 0 0 0 0 0 0 351 0 0 0 0 178 0 0 0 0 132 0 0 0 35 0 0 0 0 0 0 0 0 0 0 0 3434 0 0 0 0 0 0 0 0 0 0 0 0 82 0 0 365 0 0 0 0 0 0 0 0 0 0 0 0 0 0 0 91 0 0 0 367 0 0 0 13 0 0 17 0 0 0 73 0 0 0 0 0 196
0 0 0 0 0 0 0 0 0 0 62 0 92 255 0 0 408 0 0 0 0 0 0 0 0 0 0 0 0 0 0 0 0 0 3161 0 0 0 0 0 0 0 0 355 0 0 0 0 0 0 0 0 0 0 0 0 0 0 0 0 0 0 7 0 0 0 0 0 0 0 0 0 0 334 0 0 0 0 0 0 112 0 0 0 0 0 0 0 0 0 0 0 0 0 0 0 0 56 0 312 0 337 0 0 0 0 0 0 0 64 0 0 0 0 0 0 0 0 0 0 0 0 0 0 0 0 0 171 0 0 0 0 0 0 258 0 0 0 0 0 0 80 0 0 34 0 0 0 0 0 0 0 0 0 0 0 0 0 0 0 0 0 0 0 0 0 0 0 0 3369 0 0 0 0 0 0 0 0 0 0 0 0 0 189 0 0 0 0 0 0 0 0 0 0 0 0 344 0 0 0
0 0 0 0 0 0 0 0 0 0 0 0 0 0 0 0 0 0 0 0 0 0 0 0 0 529 0 0 0 0 0 0 0 0 0 0 0 0 0 0 0 0 0 0 0 0 0 577 0 0 0 0 0 0 3107 0 0 0 0 0 0 0 107 0 22 0 0 0 0 0 0 0 0 0 0 0 0 0 0 62 0 0 0 0 0 99 0 0 0 0 0 0 0 0 0 0 214 0 0 0 166 140 0 0 0 0 0 0 219 72 0 0 0 0 0 0 0 0 0 0 0 392 0 0 0 0 0 0 0 0 0 0 322 0 0 0 0 0 0 0 0 0 0 0 3433 0 0 0 0 0 0 0 0 0 0 0 0 0 0 0 0 0 0 363 0 0 0 0 0 0 0 0 0 0 0 0 0 0 0 0 0 0 0 0 0 0 0 0 0 176 0 0 0 0 0 0 0 0 0 0
3354 0 0 0 0 0 0 0 0 0 0 0 163 0 0 131 0 0 0 0 0 0 0 72 0 0 0 0 0 0 0 0 62 0 0 0 0 0 0 0 0 194 0 0 0 0 0 0 0 0 0 0 0 0 0 0 0 0 0 0 0 0 0 0 0 0 0 0 0 0 0 0 0 0 0 0 0 0 0 0 0 0 0 0 0 0 0 3456 0 0 0 0 0 0 0 275 0 0 0 0 0 0 0 0 0 304 0 0 0 0 0 0 0 0 0 766 0 285 0 0 391 0 0 0 0 0 0 0 0 0 0 0 0 0 0 0 0 0 0 0 0 0 0 0 0 0 0 0 0 0 0 0 81 0 0 0 0 0 0 0 0 0 30 0 0 0 0 0 0 0 0 0 0 0 0 0 0 0 0 0 0 0 0 0 0 0 0 0 0 0 0 0 192 0 0 0 0 244 0 0
0 0 0 0 0 0 0 0 0 0 0 0 0 0 0 0 0 0 706 0 0 0 728 3390 0 0 0 0 0 0 0 0 0 0 0 0 0 0 257 0 0 0 0 0 0 2 0 0 0 0 0 0 0 0 0 0 0 0 0 0 0 0 0 0 0 0 0 0 0 0 0 0 0 0 0 0 296 0 0 0 0 0 0 0 0 0 0 0 0 0 0 0 0 0 0 0 0 0 0 0 0 0 0 0 0 0 0 0 0 0 0 0 0 0 0 0 0 0 0 0 0 0 0 0 0 0 0 0 0 0 0 0 0 0 0 0 0 0 650 0 0 0 0 0 0 0 0 0 46 0 0 0 0 0 0 0 0 0 0 0 0 0 0 0 0 3925 0 0 0 0 0 0 0 0 0 0 0 0 0 0 0 0 0 0 0 0 0 0 0 0 0 0 0 0 0 0 0 0 0 0
0 0 0 0 0 0 0 0 0 0 0 0 0 0 0 0 0 0 0 0 53 0 0 0 0 0 0 0 0 0 0 0 0 0 0 0 0 0 0 0 0 0 0 0 0 0 6512 0 0 14 0 0 0 0 0 0 0 0 0 0 0 0 0 0 480 28 0 0 1311 0 0 0 0 0 304 0 0 0 0 0 0 0 0 0 0 0 11 0 0 0 0 0 0 0 0 0 0 0 0 0 0 0 103 0 0 0 0 0 0 0 0 0 0 0 0 0 0 0 0 545 0 0 0 0 0 0 0 0 0 0 0 0 0 0 0 0 0 0 0 0 0 0 0 0 0 0 0 0 0 0 0 0 0 0 0 188 0 0 0 0 0 0 0 0 0 0 0 0 0 0 0 0 0 0 0 0 0 0 0 0 0 0 0 0 0 0 0 0 269 0 0 0 0 0 182 0 0 0 0 0
0 0 0 0 0 0 0 0 0 130 0 0 0 0 0 0 0 0 0 0 0 0 0 0 102 0 0 0 0 0 0 0 0 0 0 0 0 0 0 0 0 0 0 0 0 0 0 0 0 0 0 0 0 0 0 0 0 0 0 0 0 0 0 0 3278 0 0 0 0 0 0 0 0 0 0 0 0 0 0 0 0 0 0 0 0 0 0 0 0 0 0 0 0 0 0 19 0 0 3030 0 0 0 0 0 0 0 0 0 0 0 0 0 0 0 506 0 0 0 0 0 0 0 0 287 0 0 340 0 0 0 220 292 0 0 0 0 0 0 0 0 0 0 0 0 0 0 0 0 0 0 0 0 0 0 0 320 0 0 0 0 0 0 241 0 0 0 0 0 0 0 0 0 0 0 0 0 0 0 0 0 0 0 0 0 387 0 0 0 0 0 0 0 0 848 0 0 0 0 0 0
0 0 371 30 0 0 0 0 0 0 0 0 0 100 0 0 0 100 0 0 103 0 0 0 0 0 0 0 150 0 0 0 23 0 161 0 0 3157 103 0 0 0 0 117 0 0 0 0 0 0 0 0 0 0 0 0 0 0 0 0 0 0 0 0 0 0 0 0 0 0 0 0 0 0 89 0 0 0 0 0 0 0 0 0 0 0 43 0 0 0 0 275 0 0 19 0 0 0 0 0 0 0 0 0 0 0 0 0 0 0 0 0 0 0 64 0 0 0 0 0 0 0 0 0 0 0 293 0 0 0 0 0 0 0 0 0 0 0 0 0 185 0 0 158 0 0 0 0 0 3220 357 0 12 0 0 0 0 0 0 0 33 0 0 0 0 0 0 0 0 0 0 0 0 0 0 0 0 0 0 0 279 0 0 0 0 320 0 118 0 0 0 0 0 0 0 0 0 0 120 0
0 0 0 0 0 0 0 0 0 0 150 0 0 0 0 0 0 0 0 0 241 0 0 0 0 0 0 0 0 222 0 0 0 0 0 0 0 0 0 0 0 0 203 0 0 0 0 224 0 61 0 0 0 0 0 0 0 0 3292 0 0 0 0 0 0 3020 0 0 0 54 181 0 168 0 0 0 0 0 0 0 0 0 0 0 227 0 0 0 0 0 214 0 0 0 0 0 0 0 0 0 0 0 0 304 0 0 0 0 0 0 0 0 0 0 0 0 0 0 0 226 0 0 0 0 0 0 0 0 451 0 0 0 0 0 0 0 0 0 5 0 0 26 0 0 0 0 0 0 0 0 130 0 0 0 0 0 0 0 0 0 0 0 0 478 0 0 0 0 0 0 0 0 0 0 0 0 0 0 59 0 0 0 0 0 0 0 0 0 0 0 0 0 0 64 0 0 0 0 0 0
0 0 0 39 0 0 0 0 0 0 388 0 0 0 434 457 0 0 0 0 0 0 0 0 0 0 0 0 0 0 3216 0 0 0 0 0 0 0 0 0 0 0 0 33 0 0 0 0 0 0 0 0 0 0 0 0 0 0 54 0 0 0 0 0 0 100 0 0 0 0 0 3339 0 0 0 0 196 0 0 0 0 0 0 0 137 0 0 230 0 56 0 0 0 0 0 0 0 0 0 0 0 0 0 0 0 0 0 0 0 0 0 0 0 0 0 0 0 0 0 0 0 0 423 0 0 0 0 0 0 0 0 0 0 0 0 0 79 0 0 0 0 0 0 0 0 0 0 0 117 0 0 0 0 0 0 0 0 0 0 261 0 0 0 0 0 0 0 0 250 0 0 0 0 0 0 0 0 0 0 0 0 0 0 0 0 0 0 0 0 0 0 0 0 191 0 0 0 0 0 0
0 0 0 0 0 0 0 0 0 0 0 0 0 0 0 587 0 0 0 0 0 0 0 0 0 0 0 0 0 0 0 0 0 439 0 0 0 0 0 0 0 162 0 0 0 0 0 0 167 0 0 0 0 0 0 0 0 143 0 0 42 0 0 0 0 0 0 0 0 0 0 0 0 0 0 0 23 0 0 3747 0 0 313 0 0 0 0 0 0 0 0 0 0 0 3030 0 0 0 0 92 0 0 0 0 0 0 0 0 0 0 0 389 0 0 0 0 0 0 0 0 0 0 0 0 0 0 0 102 0 403 0 0 0 0 0 0 0 0 0 0 0 0 0 0 0 0 0 0 0 0 0 0 0 0 0 0 0 0 0 120 0 0 0 0 0 0 0 0 0 0 0 0 72 0 0 0 0 0 0 0 0 169 0 0 0 0 0 0 0 0 0 0 0 0 0 0 0 0 0 0
0 0 124 77 0 0 0 0 0 0 0 0 3187 0 0 0 0 0 0 0 0 0 0 0 0 0 0 0 0 0 0 0 0 0 0 0 0 0 0 0 0 0 0 0 0 0 0 20 0 0 0 177 0 0 0 0 0 0 0 0 0 0 259 0 0 0 0 0 0 0 0 0 0 0 0 0 0 0 0 0 0 0 0 0 0 0 0 0 0 312 0 0 0 0 0 0 0 0 92 0 0 0 0 0 0 774 0 0 0 0 0 0 268 0 0 50 0 136 0 0 34 0 0 0 0 0 0 0 0 0 0 0 0 0 0 0 0 0 0 0 0 0 0 0 0 0 0 0 0 0 0 0 0 0 0 0 0 0 0 0 0 0 0 0 0 0 435 166 0 0 0 297 0 0 0 3592 0 0 0 0 0 0 0 0 0 0 0 0 0 0 0 0 0 0 0 0 0 0 0 0
0 0 212 0 0 0 0 0 557 3285 0 0 0 0 0 0 0 0 0 0 0 0 0 0 0 0 0 0 0 0 0 0 0 0 0 0 155 0 0 0 0 0 0 0 0 0 0 0 0 0 0 0 0 251 0 0 0 0 0 0 0 0 0 0 60 151 0 22 0 0 0 0 3194 0 0 0 0 0 0 0 0 0 0 680 0 0 0 0 0 0 166 0 0 0 0 0 0 0 0 0 0 0 0 0 0 0 0 0 0 0 0 0 0 0 0 0 0 0 0 0 0 0 0 0 0 0 0 0 349 0 0 0 0 0 0 0 0 0 0 0 0 0 0 0 0 0 0 0 104 0 0 211 0 0 0 0 379 0 0 0 0 0 0 0 0 0 0 0 0 0 0 0 0 0 0 0 0 0 0 0 0 0 0 0 0 0 0 0 0 224 0 0 0 0 0 0 0 0 0 0
0 0 0 395 0 146 0 0 0 0 0 172 0 0 0 0 0 0 0 0 0 0 0 0 0 0 0 0 0 33 0 0 0 0 0 0 0 0 0 0 0 0 0 0 0 0 0 0 0 0 0 138 0 183 0 0 0 248 0 0 0 0 0 0 0 3246 0 0 0 15 0 0 0 0 0 0 0 0 0 0 0 179 0 0 0 0 0 0 0 337 140 0 0 0 0 0 0 0 0 0 0 0 0 0 0 0 0 0 0 0 0 0 0 0 0 148 0 3074 0 0 0 0 0 0 4 0 0 0 0 0 0 478 0 0 0 0 0 0 0 0 0 0 0 0 0 0 0 0 50 0 0 0 0 0 0 160 0 0 0 0 0 0 0 0 0 0 0 0 0 0 0 234 0 0 0 0 0 279 0 0 0 0 0 0 0 0 341 0 0 0 0 0 0 0 0 0 0 0 0 0
0 0 0 3204 0 0 0 0 0 74 0 0 0 0 0 211 0 49 0 0 0 0 0 0 0 0 0 0 0 0 0 0 0 0 0 0 0 0 0 0 0 0 0 0 121 0 0 0 0 0 0 0 0 0 0 0 0 156 0 261 0 0 105 0 114 0 0 0 0 0 0 0 0 0 0 0 0 0 0 0 0 0 138 108 0 0 0 0 0 0 0 0 0 103 0 0 0 0 0 0 0 0 0 0 965 0 0 0 0 0 135 0 0 110 0 0 0 0 0 0 0 0 0 0 0 0 0 0 0 0 0 101 0 0 0 0 0 0 0 0 0 0 0 0 0 0 0 0 0 0 0 0 0 0 0 0 0 0 0 0 0 0 0 0 0 0 0 0 0 0 0 0 0 0 0 0 469 0 0 0 0 0 215 0 0 0 3197 0 0 80 0 0 0 0 0 0 0 0 0 84
236 0 0 0 0 0 283 0 0 0 0 0 0 0 0 0 0 0 0 0 0 0 88 0 0 0 0 0 0 0 0 0 0 0 3155 22 0 0 113 0 0 0 0 0 0 0 0 0 0 0 0 0 0 0 0 279 0 73 0 0 0 0 266 0 0 0 0 0 0 0 0 0 57 0 0 0 0 0 0 0 0 0 0 0 0 0 0 0 0 0 0 0 0 0 0 0 304 0 0 0 0 0 0 0 0 0 0 0 0 152 0 0 133 0 585 0 0 0 0 0 0 0 0 0 0 0 0 0 0 0 0 0 50 0 0 0 0 0 129 0 0 0 0 0 0 0 0 0 0 0 0 0 0 27 0 0 0 0 0 0 0 0 0 0 0 0 260 3280 0 0 0 0 0 0 0 0 0 0 0 0 0 0 0 0 0 0 0 0 0 0 0 0 0 0 0 0 0 9 499 0
0 0 0 0 0 0 0 0 0 0 0 0 0 0 128 0 0 0 0 0 77 0 0 0 0 0 0 0 0 0 0 0 0 0 0 0 0 0 0 0 0 0 0 0 0 0 0 0 0 3212 0 0 83 0 0 0 0 0 0 0 0 0 0 0 0 0 0 0 0 0 0 0 0 0 0 0 0 0 0 0 0 0 0 0 0 0 0 620 0 0 0 0 0 0 0 0 0 0 0 0 0 0 965 0 0 0 0 0 0 0 0 0 0 3533 31 0 0 0 0 0 0 0 161 0 0 0 0 0 0 0 0 0 0 0 0 0 0 325 0 0 0 0 0 0 0 0 0 0 0 0 0 0 0 0 0 0 0 0 0 0 0 0 0 0 695 0 0 0 0 0 0 0 0 0 53 0 0 0 0 0 0 0 0 0 0 0 0 0 0 0 0 0 117 0 0 0 0 0 0 0
30 3153 177 0 28 0 0 0 0 179 0 0 0 0 0 0 0 0 0 0 0 0 0 0 0 140 0 0 3296 0 0 0 0 0 0 56 0 0 0 0 0 0 0 48 0 407 0 0 0 0 0 0 0 0 109 0 0 0 0 0 0 0 0 0 90 0 0 0 0 0 0 0 0 163 0 0 293 0 0 0 0 0 0 0 0 0 0 0 0 0 0 304 0 0 0 0 0 0 0 774 0 0 0 0 0 0 0 0 0 0 0 0 0 0 0 0 0 0 0 0 0 0 0 0 0 0 101 0 0 0 0 123 0 0 0 0 0 0 0 0 0 0 0 0 0 0 0 0 0 38 0 0 0 88 0 0 0 0 0 0 0 0 0 0 0 0 0 0 0 0 0 0 0 0 0 0 0 0 0 0 0 0 0 0 0 0 0 0 0 0 0 0 0 0 0 0 175 0 228 0
0 0 0 0 0 0 424 0 0 0 0 0 0 0 0 0 0 0 0 0 3439 0 0 0 0 0 610 0 0 0 0 0 0 0 0 47 0 0 126 0 0 0 0 0 0 0 0 0 0 0 0 0 0 0 0 0 0 0 0 0 0 0 0 0 0 0 0 0 0 0 0 0 0 401 0 0 0 0 0 0 0 0 157 0 0 0 361 0 0 0 0 0 0 0 0 0 0 0 0 0 0 0 0 0 0 0 0 0 0 0 0 0 0 0 0 0 0 0 0 0 0 0 0 0 0 0 0 0 0 0 0 0 0 0 0 0 475 0 170 0 0 0 0 0 0 0 0 0 0 0 0 0 0 0 0 0 0 0 0 0 0 0 0 0 0 0 0 449 0 0 0 0 0 0 0 0 0 3020 0 0 0 225 0 0 0 0 0 0 0 96 0 0 0 0 0 0 0 0 0 0
0 0 165 0 0 0 0 0 0 0 0 0 0 0 0 0 0 0 0 0 0 271 0 0 0 0 0 0 0 0 127 0 0 0 0 0 0 0 144 0 0 0 0 0 0 0 0 0 0 0 0 0 0 0 0 0 0 0 0 0 0 0 256 0 0 0 0 0 0 0 0 0 0 0 0 0 0 0 0 0 0 216 0 0 0 585 0 109 0 0 0 0 0 0 0 0 0 0 0 0 0 0 0 0 0 0 0 0 0 0 153 0 0 0 0 62 0 0 0 0 0 60 0 154 0 0 362 0 3171 0 0 0 3060 0 0 0 0 0 0 0 102 0 0 0 0 0 0 0 0 0 0 0 0 0 0 0 0 0 0 0 0 0 0 0 0 0 0 0 0 120 0 0 0 0 144 237 0 0 261 0 0 0 0 35 0 0 0 0 0 21 185 0 0 0 0 0 0 0 0 0
0 0 0 0 17 0 0 0 0 0 0 0 0 0 0 0 0 0 0 0 0 0 219 0 0 0 0 0 84 0 0 0 0 0 0 0 0 0 0 0 39 0 0 0 0 0 0 468 0 0 0 0 0 0 0 0 0 0 0 0 0 0 235 0 0 0 0 0 0 0 0 0 0 0 0 0 0 0 0 0 0 0 81 0 19 0 0 0 0 0 219 0 0 0 0 0 0 0 0 0 0 0 0 0 0 0 0 0 0 0 0 0 0 0 0 0 899 0 0 0 0 187 0 0 0 0 0 0 0 0 58 0 0 0 0 0 0 0 0 0 0 0 0 100 0 3208 215 0 0 0 0 0 0 0 0 0 0 0 0 3054 0 0 0 0 214 74 0 0 0 98 0 365 0 0 0 0 0 0 0 0 0 0 0 0 61 0 0 0 0 0 0 0 0 0 86 0 0 0 0 0
0 0 0 0 0 0 0 0 0 0 0 3638 0 0 0 0 0 0 0 0 0 0 0 0 138 0 0 0 0 219 0 0 0 0 0 0 0 0 0 0 0 0 0 0 0 0 0 0 0 0 0 0 0 0 0 0 0 0 277 0 0 0 0 0 0 0 0 0 0 0 0 0 0 0 0 0 0 0 0 0 0 0 0 0 0 0 0 0 0 64 72 0 0 0 0 0 0 0 0 0 0 0 0 152 0 0 0 0 0 0 0 0 0 0 0 0 0 285 0 0 0 0 0 0 0 0 0 0 0 132 0 0 0 0 0 0 0 3405 0 0 54 0 0 0 0 121 0 4 0 450 0 254 0 0 0 0 0 0 0 0 0 0 0 0 0 0 0 0 0 0 0 48 0 0 0 0 0 81 0 86 0 384 0 0 0 136 0 0 0 0 0 0 0 0 0 0 0 0 0 0
0 0 0 0 0 0 131 0 0 0 0 0 0 148 0 291 0 0 0 0 0 0 0 0 188 0 0 0 0 0 0 0 0 0 123 79 0 0 0 0 0 0 0 0 0 0 0 0 0 0 0 0 0 0 0 0 0 3360 0 0 311 0 57 0 49 0 0 0 0 0 0 0 0 0 0 0 0 0 0 0 0 0 0 0 0 0 0 0 0 0 0 0 0 0 0 0 0 0 0 0 0 0 135 0 0 0 0 153 0 0 0 0 0 0 80 0 0 0 0 0 0 0 0 226 0 0 0 0 0 0 0 0 0 0 0 0 0 0 0 0 0 0 0 0 0 0 0 110 0 0 0 0 0 0 167 92 0 0 0 0 0 0 0 0 0 0 0 0 0 0 0 294 0 0 3543 0 0 0 0 0 0 0 0 0 0 0 0 0 83 0 0 0 0 0 380 0 0 0 0 0
0 0 0 0 0 0 0 0 0 0 0 0 0 0 0 235 0 0 0 3547 0 0 0 0 0 0 0 0 0 306 0 0 0 0 0 0 0 0 0 0 0 256 0 0 0 0 0 0 0 0 0 0 0 0 0 0 116 322 0 0 0 0 0 0 0 0 0 0 0 0 0 0 0 0 0 0 0 0 0 161 0 0 0 0 3375 0 0 0 0 0 0 0 0 0 0 0 0 0 389 0 0 0 0 0 0 0 0 0 0 0 0 0 0 0 0 0 0 0 0 0 0 0 0 0 0 0 0 0 0 0 0 0 0 0 0 0 0 0 0 0 0 0 0 0 632 0 0 0 0 0 0 0 0 0 0 0 0 0 0 0 0 0 0 307 0 0 0 0 0 0 0 0 0 0 0 0 0 0 0 0 0 0 0 0 54 0 0 0 0 0 0 0 0 0 0 300 0 0 0 0
0 0 0 0 4 0 0 0 0 0 40 0 0 0 0 0 0 0 0 0 0 0 0 0 0 0 0 0 0 0 0 267 0 0 0 0 0 0 0 0 0 164 0 146 0 0 0 0 0 0 0 0 0 0 0 138 0 0 0 0 0 215 0 123 0 0 0 0 0 0 0 0 0 183 0 0 36 0 0 0 0 251 0 0 0 0 0 0 0 0 0 0 0 0 0 0 0 0 0 268 0 0 0 133 0 0 0 0 0 0 0 0 0 0 0 0 0 0 0 0 0 0 0 0 271 0 0 0 0 0 0 0 136 0 0 0 45 3180 3069 0 0 0 0 239 0 0 0 0 0 0 0 0 0 0 0 0 0 0 105 0 0 0 0 0 0 0 0 0 88 0 0 0 0 0 0 0 0 0 0 267 321 0 0 0 0 0 0 0 0 0 0 0 0 0 0 0 0 311 0 0
0 39 0 0 0 0 0 0 193 0 8 0 0 0 0 0 0 0 0 0 0 0 0 0 0 167 0 3380 0 0 0 9 0 0 0 0 0 0 0 0 0 0 0 0 0 0 400 0 0 0 0 0 3 0 0 0 0 0 0 0 0 0 0 0 0 0 0 0 0 0 135 0 0 0 0 0 0 0 0 0 0 0 0 221 191 0 0 0 167 0 0 0 0 0 0 0 0 0 0 0 0 0 110 0 3533 0 0 0 0 0 0 0 0 0 0 0 224 0 0 0 0 13 0 0 0 0 0 0 0 0 0 0 0 0 0 0 0 0 0 0 0 0 307 34 0 0 0 0 0 0 0 0 0 0 0 0 316 0 256 0 0 0 0 0 0 15 0 0 0 0 0 0 0 0 0 0 0 0 0 0 0 0 0 0 236 0 0 0 0 0 0 0 0 43 0 0 0 0 0 0
0 0 80 0 111 0 0 0 0 0 0 0 0 0 0 0 242 0 0 0 0 0 0 0 0 0 0 0 0 0 0 0 0 0 0 30 0 0 0 0 0 0 0 0 162 0 106 0 0 79 0 0 0 0 0 0 14 0 0 0 0 0 0 0 0 0 11 0 0 0 0 0 0 0 145 0 0 0 0 0 0 0 0 0 303 3070 0 0 0 0 0 0 0 0 506 64 0 0 0 0 0 0 0 585 31 0 0 0 0 0 80 0 0 0 0 0 0 3042 0 0 0 0 0 0 0 0 0 0 0 0 0 0 0 0 0 0 0 0 0 0 0 0 0 0 0 0 232 0 0 0 0 0 0 0 0 0 34 0 0 0 0 0 0 0 0 249 0 292 0 0 0 0 0 0 0 0 0 0 0 0 0 0 0 0 0 0 0 21 0 0 0 57 0 0 0 0 63 0 0 391
0 0 0 0 296 0 0 0 156 166 0 0 0 0 0 0 0 144 0 3159 0 0 0 162 0 0 0 0 0 0 0 0 0 0 0 0 0 0 0 363 0 0 0 0 0 0 0 0 0 0 0 0 0 0 0 1 0 0 0 0 0 0 0 0 0 0 0 0 0 0 0 0 160 0 0 0 0 0 0 0 0 0 0 0 0 0 0 0 0 0 0 766 0 0 0 0 0 0 0 50 0 148 0 0 0 0 0 62 0 0 0 0 0 0 0 0 0 0 0 0 0 0 0 0 0 0 0 0 0 0 0 0 0 0 0 0 0 0 0 0 0 0 98 0 0 548 0 0 0 0 0 0 0 0 0 0 0 0 3081 0 0 0 59 310 0 0 0 0 0 0 0 9 0 262 0 0 0 0 0 0 0 0 0 0 0 0 0 0 0 0 0 0 0 0 0 0 0 0 0 0
0 0 0 0 0 0 0 0 0 0 0 0 0 0 0 0 0 0 0 0 0 0 212 0 0 0 0 0 0 0 0 0 0 0 0 3127 0 0 0 0 212 68 0 0 0 0 0 0 0 0 0 0 0 50 0 0 0 0 0 0 0 0 0 0 0 0 0 89 0 0 0 113 0 0 0 0 0 0 0 0 0 0 0 0 265 0 43 0 0 0 0 0 0 0 0 0 0 0 0 0 0 0 0 0 0 0 0 0 899 0 0 0 0 224 0 0 0 0 0 108 0 0 0 97 0 0 0 0 309 0 175 0 0 0 0 0 49 0 0 0 0 77 0 0 0 0 0 0 0 0 0 0 0 0 0 0 0 0 0 0 0 0 0 0 0 0 0 0 0 0 0 0 0 0 0 0 0 0 0 3380 0 0 0 0 0 0 348 0 0 0 104 0 0 0 0 0 0 0 0 51
0 186 0 0 0 0 0 0 0 0 0 0 0 0 0 0 0 0 0 0 0 0 0 0 1 188 0 0 0 0 0 0 0 0 815 0 0 0 0 0 121 0 0 0 0 0 0 0 0 0 0 0 0 0 0 0 0 0 213 0 0 0 0 0 0 0 0 0 0 0 0 0 0 170 0 0 0 0 0 0 0 0 0 0 0 0 0 70 0 0 0 285 0 0 0 0 0 0 0 136 0 3074 0 0 0 0 0 0 0 285 0 0 0 0 3042 0 0 0 0 0 0 0 0 0 0 0 129 0 0 0 0 0 0 394 0 0 0 0 0 0 0 0 0 0 0 0 0 0 0 0 0 0 0 37 0 0 0 0 119 0 0 0 0 0 0 0 0 0 0 171 0 0 0 0 0 0 0 0 0 0 0 0 0 32 0 408 0 0 0 0 0 0 0 0 124 0 0 0 0 0
33 0 0 0 0 54 0 0 0 0 0 0 0 0 0 0 0 0 21 0 0 0 3214 0 0 0 314 0 0 0 0 0 116 0 0 0 0 0 0 275 0 0 0 0 0 0 10 81 0 73 0 0 0 211 0 0 0 0 0 0 0 0 0 0 0 0 0 0 0 0 0 0 0 0 34 0 0 265 0 0 0 0 119 0 0 172 0 0 0 0 0 0 0 0 0 0 0 0 0 0 0 0 0 0 0 0 0 0 0 0 0 0 0 0 0 0 0 0 0 0 0 0 518 0 206 106 0 0 0 0 0 0 0 0 0 0 0 0 0 0 0 0 0 0 0 105 0 0 0 0 0 0 0 114 0 34 0 0 0 340 0 145 0 0 0 0 0 0 0 0 3071 0 0 0 32 0 0 0 0 0 0 0 166 0 0 0 0 0 0 109 0 0 0 0 62 0 0 0 0 0
0 0 0 0 0 0 0 0 0 0 0 186 0 27 0 130 0 0 0 0 59 0 0 0 0 238 0 0 0 0 0 0 25 267 0 3117 0 0 0 0 0 0 0 0 0 218 0 0 0 45 0 0 0 0 81 0 0 0 0 0 0 0 0 0 0 0 0 0 309 0 0 0 0 3114 0 0 0 0 0 0 0 0 0 0 0 0 0 9 0 0 0 0 0 545 0 0 226 0 0 0 0 0 0 0 0 0 0 0 0 0 0 0 0 0 0 0 108 0 0 0 0 0 0 0 0 0 0 0 0 0 0 0 0 0 0 0 0 0 0 0 0 0 0 0 0 0 0 0 0 0 0 311 0 0 0 148 0 0 205 0 0 0 32 375 0 0 0 0 0 0 0 0 0 0 0 0 0 0 0 0 0 0 0 0 0 0 0 0 0 90 0 0 0 0 0 135 0 0 0 0
0 0 0 0 0 0 0 0 0 157 0 0 0 0 20 0 0 0 228 0 0 0 0 0 0 0 0 0 0 486 0 0 0 0 0 0 0 0 0 0 0 0 0 0 0 277 0 0 0 0 0 0 0 0 0 0 0 0 0 0 0 0 0 3240 0 0 0 0 0 0 0 0 0 0 0 0 152 0 3434 0 0 0 0 0 0 0 0 0 351 0 0 391 0 0 0 0 0 0 0 34 0 0 0 0 0 0 0 0 0 0 0 0 0 0 0 0 0 0 0 0 0 0 0 230 0 0 0 0 0 0 0 0 0 0 0 0 0 0 0 0 0 0 0 0 0 0 0 0 0 0 0 0 636 0 0 0 0 0 0 0 0 0 0 0 0 0 0 0 0 0 57 0 0 0 0 0 0 0 0 0 0 0 0 0 0 0 0 0 0 0 0 0 0 0 0 307 0 0 0 0
0 0 0 0 0 0 0 0 0 0 0 0 0 0 0 0 0 0 0 0 0 0 0 0 0 0 0 0 0 0 0 0 0 0 0 0 0 0 143 0 0 0 0 0 277 0 0 0 236 0 0 0 0 0 0 0 0 0 0 0 0 0 0 0 0 0 0 0 0 0 0 0 0 0 0 144 0 0 162 0 0 0 0 0 0 0 0 0 0 0 392 0 0 0 0 0 0 0 0 0 0 0 0 0 0 0 0 60 187 0 0 0 0 13 0 0 0 0 0 0 0 0 0 0 0 0 0 0 3266 0 0 0 0 0 0 0 0 0 210 0 0 0 0 124 0 0 0 0 0 0 0 0 0 0 0 0 0 260 0 0 0 0 0 0 0 0 0 0 0 510 0 0 0 0 0 0 0 0 0 81 0 0 0 0 0 0 0 0 515 3023 0 0 0 0 397 0 0 0 0 0
0 0 0 0 0 0 0 0 0 0 84 0 0 0 0 0 0 0 0 0 160 0 0 0 0 0 75 0 0 0 0 0 0 0 0 0 0 0 0 0 0 6502 0 0 0 119 0 0 0 0 0 0 0 0 0 0 0 0 0 0 0 0 0 0 0 121 0 0 0 0 0 0 410 0 0 0 0 210 0 0 83 0 0 0 0 0 0 0 0 0 0 0 0 0 0 0 0 423 0 0 0 0 0 0 161 0 0 0 0 0 0 0 0 0 0 0 0 0 518 0 0 0 0 0 0 0 0 0 0 0 0 63 0 0 0 0 70 0 0 0 0 0 0 0 0 0 146 0 0 0 0 0 0 0 0 0 0 0 0 0 0 0 0 0 0 0 0 0 0 0 0 0 0 0 0 0 0 0 0 0 0 164 0 0 0 333 0 70 0 0 0 0 0 0 185 0 103 0 0 0
0 0 59 0 0 0 0 0 0 0 195 116 0 0 0 0 0 0 0 0 0 0 0 0 0 0 0 0 0 0 0 0 0 244 0 0 0 0 0 0 0 0 0 0 0 0 0 0 0 0 3159 0 0 0 0 0 0 0 0 0 0 0 0 0 0 0 0 3275 0 85 0 154 0 65 0 0 0 0 0 0 0 0 98 0 0 0 0 0 0 0 0 0 0 0 287 0 0 0 0 0 0 0 0 0 0 0 0 154 0 0 226 0 0 0 0 0 97 0 0 0 230 0 0 0 0 0 0 0 0 0 118 0 0 0 0 0 0 0 356 0 0 0 0 0 0 280 0 0 0 0 0 0 0 0 0 0 0 0 0 0 0 0 339 0 0 82 0 0 128 0 0 0 0 0 0 0 0 0 0 0 0 0 0 0 0 251 0 0 0 0 2 0 0 0 0 0 0 0 0 0
0 0 0 0 0 477 0 0 0 232 0 0 0 0 0 0 0 0 228 0 0 354 0 0 0 0 0 0 0 0 0 0 0 0 0 291 0 0 0 0 0 0 0 0 0 0 0 0 0 0 0 0 298 0 0 3352 0 0 0 0 0 0 0 0 0 0 0 0 0 0 0 0 0 585 0 0 0 206 242 0 0 0 0 0 0 0 0 0 0 0 0 0 0 0 0 0 0 0 0 0 0 4 0 0 0 0 0 0 0 0 0 0 271 0 0 0 0 0 206 0 0 0 0 0 0 0 0 0 0 0 0 0 0 0 0 0 0 0 0 0 0 0 0 0 0 0 113 0 0 0 0 0 0 0 0 0 0 0 0 0 0 0 0 0 0 0 0 0 0 0 0 0 0 0 0 0 0 0 0 0 0 0 0 0 0 0 0 0 0 0 3141 0 0 0 0 0 0 0 0 0
0 0 0 0 0 0 0 186 0 0 0 0 0 0 0 0 0 0 0 0 0 0 0 0 0 0 0 0 0 0 0 0 0 0 0 0 0 0 0 0 0 0 0 0 0 0 0 168 0 0 181 0 0 0 0 437 0 0 0 0 0 0 0 0 0 0 0 0 0 0 0 0 0 0 0 618 0 0 0 0 0 0 0 0 0 0 0 0 178 0 0 0 0 0 0 0 0 0 0 0 0 0 0 0 0 0 0 0 0 0 0 0 0 0 0 0 0 0 106 0 0 0 0 0 0 0 0 0 0 0 0 0 0 4021 3178 0 0 0 0 0 0 0 0 0 0 0 0 0 0 0 0 0 0 0 0 0 134 0 0 0 0 0 0 0 0 0 0 0 0 0 0 412 0 0 0 0 0 43 0 0 0 0 0 0 0 0 338 0 0 0 0 0 0 0 0 0 0 0 0 0
0 0 0 0 0 0 0 0 0 0 0 0 0 0 254 0 0 0 0 0 0 0 0 0 0 0 0 0 0 0 0 0 0 0 0 0 0 0 0 0 0 0 0 0 0 0 0 0 0 0 0 0 0 0 0 0 89 3294 0 0 650 0 124 0 0 0 0 0 0 0 0 221 0 0 0 0 0 150 0 0 0 0 0 0 0 0 0 0 0 0 0 0 0 0 340 293 0 0 0 0 0 0 0 0 0 101 0 362 0 0 0 0 0 0 0 0 0 129 0 0 0 0 0 0 0 0 0 0 0 0 0 0 0 0 0 0 647 0 0 0 0 0 0 0 0 0 0 0 0 0 0 0 0 0 0 0 0 0 0 0 0 0 0 3203 0 0 0 0 0 0 0 0 0 0 0 26 0 0 0 117 0 0 0 0 0 0 0 0 0 0 0 0 0 0 0 0 0 0 0 0
0 0 0 0 0 0 419 0 0 0 205 0 0 0 27 0 0 0 0 0 0 0 256 35 0 0 0 0 0 0 153 0 0 0 0 216 251 0 0 0 0 0 346 0 0 0 190 0 0 0 0 0 0 0 0 0 0 159 0 0 0 0 0 0 0 0 0 0 0 0 0 8 0 0 0 3268 0 0 0 0 0 0 0 0 0 0 0 0 0 171 0 0 0 0 0 0 0 0 102 0 0 0 0 0 0 0 0 0 0 0 0 0 0 0 0 0 0 0 0 0 0 0 0 0 0 0 0 0 0 0 0 0 0 0 0 0 0 0 0 0 0 0 0 0 0 0 0 0 0 0 0 0 0 0 0 0 382 0 0 0 0 0 0 0 0 0 0 0 0 0 0 3119 0 0 0 0 0 0 0 0 0 0 0 0 166 0 0 0 0 527 0 0 0 0 0 0 0 0 0 0
0 0 0 343 0 0 0 0 0 0 0 0 0 0 0 0 0 0 0 467 0 0 0 0 0 0 0 0 0 0 0 0 0 0 0 0 0 0 0 0 0 0 0 32 0 0 0 0 0 0 0 0 0 200 386 0 0 0 0 0 0 0 0 0 0 0 0 0 0 0 358 0 0 0 0 0 0 0 0 189 0 0 0 0 0 0 0 0 0 0 0 0 0 0 0 0 451 0 0 0 349 0 0 0 0 0 0 3171 0 0 0 0 0 0 0 0 309 0 0 0 0 3266 0 0 0 0 0 0 0 0 0 0 0 0 0 0 0 0 0 0 0 0 0 0 0 0 0 0 0 0 0 0 0 298 0 0 0 0 0 0 0 0 0 0 0 0 0 0 0 49 132 0 0 0 0 0 0 0 0 0 0 0 0 0 0 0 0 0 0 0 0 0 0 0 0 0 0 0 0 0
74 0 3372 0 69 0 265 0 0 0 0 0 0 0 0 0 0 47 0 50 0 0 626 0 0 0 50 0 0 0 0 0 0 253 0 0 0 0 0 0 0 135 0 0 0 0 0 0 0 0 0 0 0 0 0 0 81 0 0 0 0 0 66 0 0 0 0 0 0 0 0 0 0 0 0 268 0 0 0 0 70 0 0 0 0 0 0 0 0 0 0 0 0 0 0 0 0 0 403 0 0 0 0 0 0 0 0 0 0 132 0 0 0 0 0 0 0 0 0 0 0 0 0 0 0 0 0 0 0 0 0 0 0 0 0 0 0 0 0 0 0 0 0 0 0 0 0 0 159 0 0 0 0 0 0 0 0 0 0 0 0 0 0 0 0 0 0 0 0 95 0 0 0 0 0 0 0 0 0 0 0 430 0 0 0 0 0 0 0 0 0 0 0 0 31 0 0 3324 0 0
0 0 0 0 0 0 0 0 0 0 0 0 125 0 0 0 170 0 0 0 0 0 0 0 0 0 0 0 0 0 0 0 0 268 0 0 0 0 0 0 0 0 3067 0 0 0 0 0 0 0 0 0 0 0 0 0 3066 0 0 0 0 0 0 0 0 0 0 135 0 61 24 0 0 0 0 367 195 0 231 0 0 0 0 0 0 255 0 0 132 0 0 0 0 0 220 0 0 0 0 0 0 0 0 0 0 0 0 0 58 0 0 0 0 0 0 0 175 0 0 0 0 0 0 118 0 0 0 0 0 0 0 0 0 0 0 0 0 0 0 207 76 34 0 0 0 0 0 0 0 199 0 266 0 0 0 0 141 0 0 0 0 0 382 0 0 0 0 0 0 0 0 0 0 0 0 0 0 0 0 0 0 0 0 0 0 0 0 0 0 0 0 0 0 0 0 28 0 0 0 0
0 0 0 0 0 0 0 0 0 0 0 0 0 0 0 0 307 0 0 0 411 0 0 0 0 0 0 0 0 0 0 0 0 0 0 0 0 0 35 0 0 64 0 0 0 0 0 0 0 0 0 0 0 0 0 0 0 0 0 0 0 0 0 0 91 0 0 197 0 0 0 0 0 0 552 0 0 0 0 0 0 0 0 0 0 0 0 0 0 0 0 0 0 0 292 0 0 0 0 0 0 478 101 0 0 123 0 0 0 0 0 0 0 0 0 0 0 0 0 0 0 0 63 0 0 0 0 0 0 0 0 0 0 0 0 0 0 638 0 0 0 0 0 0 0 0 0 0 0 0 0 0 0 0 0 0 0 0 0 0 70 0 3013 0 0 0 0 0 0 0 0 202 0 0 0 0 0 0 0 0 0 0 0 52 34 3131 0 0 0 0 0 0 0 0 0 0 56 0 90 0
0 0 0 0 0 0 0 0 0 0 0 0 0 0 0 0 33 0 112 0 18 0 0 0 0 0 0 0 0 0 0 0 0 0 0 0 0 0 219 0 0 0 0 0 152 0 0 0 171 0 310 0 21 0 0 113 0 0 0 0 286 0 0 0 0 0 0 0 0 62 0 0 16 0 0 207 0 0 170 0 0 32 0 0 0 0 0 0 0 0 322 0 0 0 0 0 0 0 0 0 0 0 0 50 0 0 0 3060 0 0 0 0 136 0 0 0 0 0 0 0 0 0 0 0 0 0 0 0 0 0 0 0 0 0 0 0 0 0 8 0 0 0 0 0 0 0 0 0 105 142 0 291 0 0 0 0 0 0 0 0 0 0 0 0 3087 0 0 0 0 0 0 152 0 0 0 92 0 0 0 0 0 0 0 201 0 200 0 173 0 59 0 0 0 0 0 0 0 0 0 0
0 0 0 0 0 30 0 26 0 0 0 0 0 0 0 0 0 0 0 0 0 0 0 0 0 0 0 0 0 0 0 0 0 0 0 0 0 0 0 0 0 0 0 0 0 0 0 0 0 0 0 0 0 0 0 0 0 0 0 0 0 0 0 0 0 0 0 268 0 0 0 0 0 353 249 0 0 0 0 224 0 0 0 0 0 0 0 0 0 0 0 0 0 0 0 0 0 0 0 0 0 0 0 0 0 0 0 0 0 0 0 0 0 0 0 0 0 394 0 0 0 0 0 0 0 4021 0 0 0 0 0 0 0 0 0 0 0 0 0 57 0 0 0 0 177 0 0 0 0 0 0 0 0 0 0 0 3477 0 0 0 0 0 0 0 0 0 0 133 0 0 0 0 0 0 0 0 0 66 141 0 0 0 0 0 0 0 0 123 0 0 0 0 0 0 0 0 0 0 115 146
0 155 0 0 0 0 0 0 0 0 0 0 170 0 0 0 0 0 0 225 0 0 0 0 0 0 0 0 0 0 0 0 0 0 0 0 0 0 0 0 0 0 0 0 0 0 198 0 0 0 3100 0 0 0 0 45 0 17 0 0 0 0 0 0 0 0 0 0 0 0 0 0 0 0 0 0 0 0 0 0 0 0 0 0 0 16 0 0 35 258 0 0 0 0 0 0 0 0 0 0 0 0 0 0 0 0 0 0 0 0 0 0 0 0 0 0 0 0 0 0 0 0 0 0 0 3178 0 0 0 0 0 0 0 0 0 0 39 0 0 68 0 0 0 0 0 0 0 0 0 0 1010 0 0 0 0 0 0 0 0 116 0 0 0 0 0 0 0 0 0 0 0 0 0 0 0 0 0 115 0 0 89 70 0 0 0 0 0 0 0 0 450 0 0 239 216 36 0 155 0 0
0 0 0 368 0 0 0 0 0 202 0 0 0 0 3231 0 0 0 0 0 0 0 0 0 0 0 0 0 328 0 0 248 128 0 0 0 154 0 0 0 0 0 165 0 0 0 0 0 0 0 0 0 0 0 0 0 0 0 184 0 0 0 67 0 0 0 0 0 0 0 0 0 0 0 0 0 0 229 0 0 0 0 0 0 0 0 0 0 0 0 0 0 0 0 0 0 0 0 0 0 0 0 0 0 0 0 0 0 0 0 0 0 0 0 0 0 0 0 0 0 0 0 0 0 0 0 0 0 0 0 0 0 0 0 0 0 0 0 0 193 0 0 0 365 0 0 0 297 198 0 0 51 0 0 0 0 0 0 0 0 0 0 0 0 0 0 0 17 0 0 0 0 0 0 0 0 0 0 0 331 3212 32 0 0 0 0 0 0 0 0 0 0 0 0 0 0 0 0 0 0
0 0 0 0 0 239 0 0 0 0 0 0 0 0 20 0 0 0 0 0 0 0 0 17 0 0 0 0 0 119 0 0 0 0 0 0 308 0 0 0 124 0 0 0 0 0 0 0 0 0 0 0 0 0 0 0 0 0 0 0 0 0 0 166 0 0 0 0 0 0 0 0 0 0 0 0 0 0 0 0 348 0 0 0 0 0 0 0 0 0 0 0 0 0 0 0 0 79 0 0 0 0 0 0 0 0 475 0 0 0 0 0 45 0 0 0 49 0 0 0 0 0 70 0 0 0 647 0 0 0 0 0 0 0 39 0 0 0 0 0 0 0 0 0 0 0 0 3089 0 0 0 0 0 0 0 0 0 0 0 0 0 0 463 0 0 0 0 0 0 0 0 175 0 3309 0 0 0 0 0 0 0 0 0 200 0 0 19 0 0 0 0 0 0 0 0 0 0 0 0 0
0 0 0 0 0 0 0 0 0 0 0 131 0 0 0 0 0 0 173 0 0 176 0 0 276 0 0 0 0 0 0 0 0 0 0 0 0 0 0 0 0 0 194 0 0 0 0 0 0 0 0 0 0 0 0 0 0 0 0 0 0 0 0 138 0 0 0 0 0 0 0 0 0 0 0 0 0 0 215 0 0 0 0 0 0 0 0 0 0 0 0 0 0 0 0 0 0 0 0 0 0 0 0 0 325 0 0 0 0 3405 0 0 3180 0 0 0 0 0 0 0 0 0 0 0 0 0 0 0 0 0 0 638 0 0 0 0 0 0 38 0 243 0 0 0 0 0 0 0 0 0 0 0 220 0 0 62 0 0 261 0 0 0 0 0 0 0 0 0 0 0 0 0 0 0 0 0 0 0 0 0 0 0 156 169 0 0 0 0 0 0 0 0 0 0 0 0 0 0 0 0
0 0 0 0 0 0 0 372 0 0 0 0 0 0 0 0 0 0 0 0 0 0 0 0 0 0 0 0 0 0 0 0 0 0 0 0 0 0 0 0 15 0 0 0 3283 0 0 0 0 0 0 0 0 0 0 0 0 0 161 0 0 104 0 0 0 247 0 0 0 0 0 0 0 0 0 0 69 67 0 75 0 0 0 0 0 0 0 0 0 0 0 0 650 0 0 0 5 0 0 0 0 0 0 129 0 0 170 0 0 0 0 0 3069 0 0 0 0 0 0 0 0 210 0 356 0 0 0 0 0 0 0 0 8 0 0 0 0 38 0 0 0 0 0 0 62 0 0 0 0 0 0 0 0 0 0 0 0 0 0 0 0 0 0 0 0 0 0 0 0 0 214 0 163 129 0 0 0 0 342 0 0 0 0 0 0 0 0 0 0 0 0 0 0 62 0 0 0 0 0 0
3424 0 0 3149 0 0 0 77 0 0 0 0 0 0 0 0 0 336 0 80 0 0 0 0 0 0 0 0 0 0 0 0 0 0 0 0 0 0 0 0 0 0 0 0 138 0 0 0 0 0 0 494 0 0 0 0 20 0 0 0 0 0 0 0 0 0 0 16 0 0 0 0 0 0 0 0 0 0 0 0 0 0 453 0 0 0 0 0 0 0 0 0 0 0 0 0 0 0 0 0 0 0 0 0 0 0 0 0 0 0 0 0 0 0 0 0 0 0 0 0 0 0 0 0 0 0 0 0 0 0 207 0 0 57 68 193 0 0 0 0 0 0 0 0 0 0 0 0 0 0 0 0 0 0 0 0 0 0 0 0 0 0 0 0 0 0 0 357 0 0 0 0 0 0 0 0 0 0 0 171 0 0 0 0 116 0 0 483 0 0 0 0 114 0 0 0 0 0 0 47
0 103 0 0 0 0 0 0 0 0 0 0 0 0 151 3219 0 0 0 0 67 191 0 0 0 0 0 0 0 0 0 93 0 0 0 0 0 94 7 0 0 0 0 0 0 0 0 0 0 56 0 0 0 347 0 0 0 0 0 0 0 0 0 0 0 0 0 112 0 0 0 0 118 0 0 0 0 0 0 36 0 0 0 0 0 3315 129 0 0 0 0 0 0 0 0 185 0 0 0 0 0 0 0 0 0 0 0 102 0 54 0 0 0 0 0 0 0 0 0 0 0 0 0 0 0 0 0 0 0 0 76 0 0 0 0 0 0 243 0 0 0 0 0 0 0 0 0 0 0 0 0 29 0 392 0 0 0 0 0 0 0 0 0 0 0 0 0 0 195 0 0 0 0 0 0 0 0 0 0 0 0 0 0 0 0 0 0 0 0 0 0 0 0 686 0 0 0 0 0 0
0 0 0 0 0 0 0 0 0 0 0 0 0 0 0 0 0 0 0 0 0 0 0 0 0 0 0 0 0 656 0 215 0 89 0 0 3100 0 0 0 0 0 0 0 0 0 0 0 128 0 0 0 0 0 0 0 0 0 0 0 0 0 0 3249 0 0 0 29 0 0 0 0 26 0 0 0 0 0 0 0 0 0 0 0 0 0 0 0 0 80 0 0 0 0 0 0 26 0 0 0 0 0 0 0 0 0 0 0 0 0 0 0 0 0 0 0 77 0 0 0 0 0 0 0 0 0 0 0 0 0 34 0 0 0 0 0 0 0 0 0 0 0 0 0 0 556 0 0 0 0 0 0 0 0 160 0 0 10 0 339 0 353 0 0 0 0 0 0 0 0 0 0 0 0 449 104 0 0 0 0 0 0 0 0 0 0 0 0 0 40 0 0 0 23 0 0 0 0 0 257
0 0 0 0 0 0 0 0 0 0 6349 72 0 15 0 0 0 0 0 0 269 0 270 0 0 0 0 145 0 0 521 0 0 0 0 0 0 0 0 0 0 0 0 0 0 0 0 0 0 0 0 0 0 246 0 0 0 0 150 0 0 0 0 0 0 370 0 0 0 0 0 0 0 0 0 0 0 0 0 0 0 0 0 0 0 0 0 0 0 0 0 0 0 0 0 0 0 0 0 0 0 0 0 0 0 0 0 0 0 0 0 0 0 307 0 98 0 0 0 0 0 0 0 0 0 0 0 0 0 0 0 0 0 0 0 0 0 0 0 0 0 0 0 0 0 0 0 0 0 0 0 0 0 0 0 0 0 309 0 0 0 0 0 0 0 0 0 0 0 0 0 0 0 0 0 0 0 0 0 0 0 0 0 0 0 0 0 0 879 0 0 0 0 0 0 0 0 0 0 0
0 0 0 0 0 0 0 0 0 0 0 322 372 0 0 0 0 0 0 0 0 0 0 0 0 0 0 0 0 0 0 0 0 0 0 0 0 0 0 0 0 0 0 0 0 0 0 3453 188 58 0 0 0 0 0 0 0 0 0 0 0 0 0 0 310 0 0 0 0 0 0 0 0 0 0 0 0 0 0 0 0 0 0 0 0 50 30 0 0 0 0 0 0 0 0 158 0 0 0 0 0 0 0 0 0 0 0 0 100 0 0 0 239 34 0 0 0 0 0 0 0 124 0 0 0 0 0 0 0 0 0 0 0 0 0 365 0 0 0 0 0 0 0 0 0 0 3080 238 0 0 0 0 0 0 0 0 0 0 0 0 0 0 0 0 0 0 0 0 0 25 0 0 75 0 0 0 485 0 0 0 0 0 0 0 0 0 294 0 0 0 0 0 0 0 0 0 0 0 0 0
0 0 81 0 0 0 345 0 0 0 0 0 0 0 0 125 0 0 0 0 0 0 0 333 0 0 293 0 0 0 0 0 0 0 0 0 0 0 0 0 0 0 0 0 0 0 0 0 0 0 0 0 0 0 0 0 0 0 0 0 0 3172 0 0 0 0 0 0 0 0 0 0 59 0 0 0 0 0 0 0 0 348 0 0 0 0 0 0 0 34 3433 0 0 0 0 0 0 0 0 0 0 0 0 0 0 0 0 0 0 0 0 632 0 0 0 0 0 0 0 0 0 0 0 0 0 0 0 0 0 0 0 0 0 177 0 0 0 0 62 0 0 0 0 0 0 0 247 0 0 0 0 0 125 0 0 0 0 0 0 0 0 0 0 0 0 0 0 0 0 0 0 0 0 255 0 0 0 0 0 0 0 154 0 0 0 0 0 0 0 57 0 0 0 0 68 0 0 0 0 0
0 0 0 0 0 0 0 0 0 0 0 0 0 0 0 0 0 0 0 0 0 0 0 0 452 0 0 0 0 0 0 0 0 0 0 186 0 0 0 0 0 0 0 0 0 0 73 3318 0 0 0 0 0 226 0 0 0 0 0 0 0 0 0 0 0 35 0 0 0 0 0 0 0 0 0 56 0 0 0 0 0 0 0 0 0 225 132 302 0 0 0 0 0 0 0 0 0 0 0 0 0 0 0 0 0 0 0 0 3208 121 0 0 0 0 0 548 0 0 105 0 0 0 0 280 0 0 0 0 0 0 0 0 0 0 0 0 0 0 0 0 0 556 0 0 0 0 0 0 0 0 0 0 0 0 0 0 0 0 0 0 0 0 0 0 0 0 0 0 0 0 0 0 15 0 0 0 0 0 0 0 0 0 0 0 0 0 0 0 0 0 0 0 0 0 49 0 113 0 0 0
0 0 0 0 0 0 0 0 0 0 0 0 0 0 0 0 0 199 0 0 0 0 0 0 0 0 0 0 0 0 0 0 0 0 0 0 0 0 0 0 0 0 0 0 0 0 0 0 0 0 0 0 0 0 0 0 0 0 0 0 0 0 0 0 0 167 0 0 0 0 0 672 0 0 46 0 0 0 0 0 0 0 0 0 0 0 0 0 3434 0 0 0 0 0 0 0 0 0 0 0 0 0 0 0 0 0 0 0 215 0 0 0 0 0 232 0 0 0 0 0 0 0 146 0 113 0 0 0 0 0 0 0 0 0 0 0 0 0 0 0 0 0 0 3080 247 0 0 624 0 0 0 0 0 0 0 0 0 0 0 0 0 0 0 0 0 0 398 0 0 0 0 0 0 0 0 0 0 0 65 0 0 0 0 240 0 73 0 49 0 0 0 0 0 0 0 0 0 0 0 0
0 0 0 0 0 0 0 0 0 0 0 88 0 0 0 0 0 0 0 0 0 204 0 0 131 0 0 0 0 0 0 0 22 0 0 45 0 0 0 0 0 0 35 0 0 0 0 0 0 71 0 0 0 0 38 0 50 0 0 0 0 543 0 0 0 0 0 0 0 0 0 0 0 0 0 0 0 0 0 0 82 201 0 0 0 0 0 0 0 0 0 0 0 0 0 0 0 0 0 0 0 0 0 0 0 0 0 0 0 4 110 0 0 0 0 0 0 0 0 0 0 0 0 0 0 0 0 0 0 0 0 0 0 0 0 297 3089 0 0 0 0 0 0 238 0 0 624 0 166 0 0 0 0 0 0 0 0 0 0 0 0 0 0 0 0 0 0 0 0 0 0 0 0 0 0 0 0 0 0 0 15 0 0 0 0 0 3269 0 520 0 0 0 0 0 0 89 23 0 0 46
0 0 0 0 0 151 0 0 0 0 0 0 0 0 0 0 0 0 0 0 0 0 0 0 0 0 0 0 0 0 0 0 0 0 0 0 0 0 0 0 0 0 0 0 0 0 0 0 197 0 0 0 0 0 0 0 0 0 0 0 277 0 0 0 0 0 0 0 0 0 395 0 0 0 0 0 0 0 0 0 0 0 264 0 0 0 0 0 0 0 0 0 46 0 0 0 0 117 0 0 104 50 0 0 0 0 0 0 0 0 0 0 0 0 0 0 0 0 0 0 0 0 0 0 0 0 0 0 0 159 0 0 105 0 0 198 0 0 0 0 0 0 0 0 0 0 0 166 0 0 0 0 0 0 0 0 0 0 0 0 0 3260 0 571 0 0 0 0 0 0 0 0 0 334 0 0 0 0 0 0 183 0 0 86 0 0 0 0 0 3088 249 0 0 0 0 0 0 0 0 0
27 0 316 0 0 350 0 242 0 0 0 0 0 0 0 0 0 27 0 0 0 281 0 0 160 61 0 0 0 0 0 0 0 0 0 0 133 0 158 0 0 0 0 0 125 0 0 0 0 0 0 0 0 0 0 0 0 0 0 0 0 0 0 0 0 0 0 0 0 3291 0 0 0 0 0 0 0 0 0 0 0 0 0 0 0 0 0 0 0 0 0 0 0 0 0 3220 0 0 0 0 0 0 0 0 0 38 0 0 0 450 0 0 0 0 0 0 0 0 0 0 0 0 0 0 0 0 0 0 0 0 199 0 142 0 0 0 0 0 0 0 0 0 0 0 0 0 0 0 0 0 0 0 0 0 0 0 0 0 0 0 0 0 0 0 0 0 0 0 0 0 0 0 0 0 0 0 0 6 0 0 40 0 0 0 0 0 0 0 0 0 0 0 0 0 0 0 0 455 0 279
0 0 0 0 0 0 0 122 0 0 0 0 0 3753 0 0 0 0 3113 0 0 0 0 0 0 0 0 0 0 0 0 0 125 0 65 0 0 0 0 0 0 0 0 0 0 0 0 0 0 0 0 0 0 0 0 0 0 0 0 0 0 193 32 0 0 0 0 0 0 0 0 0 0 0 0 0 78 0 0 0 0 0 0 0 0 0 0 0 0 0 0 0 0 0 0 357 130 0 0 0 0 0 0 0 0 0 0 0 0 0 0 0 0 0 0 0 0 0 0 0 0 0 0 0 0 0 0 0 0 0 0 0 0 0 1010 0 0 0 0 0 0 0 0 0 0 0 0 0 0 0 0 0 0 0 0 0 0 0 0 0 0 0 0 0 0 0 0 0 0 0 75 0 0 557 0 0 0 0 0 0 0 0 0 0 121 0 0 0 0 0 33 0 0 0 0 236 0 0 0 0
0 0 0 0 0 0 0 0 0 0 0 0 0 0 0 0 0 0 0 0 0 0 0 106 0 0 0 0 0 0 0 268 0 0 0 0 0 0 155 0 0 24 0 0 0 158 0 0 0 130 0 0 0 0 0 0 0 0 0 3267 0 0 0 0 0 0 0 0 0 0 0 0 0 0 0 0 0 0 0 0 0 0 0 169 0 0 0 0 0 0 0 0 0 0 0 0 0 0 0 0 211 0 0 0 0 0 0 0 0 254 0 0 0 0 0 0 0 0 0 311 0 0 0 0 0 0 0 0 0 0 266 0 291 0 0 51 0 0 0 0 29 0 0 0 0 0 0 0 0 0 0 0 0 0 0 0 390 0 0 0 0 0 0 0 0 0 167 0 0 0 0 54 0 0 0 0 0 3053 116 0 187 0 0 0 0 0 343 0 0 0 0 0 0 0 0 0 0 0 0 0
0 0 0 0 0 69 0 0 0 0 164 174 0 0 0 0 0 0 0 0 171 0 0 0 0 0 0 0 0 0 0 0 0 39 132 0 0 0 0 0 0 0 0 0 236 0 0 0 0 0 0 0 0 140 0 0 0 0 0 0 0 0 0 0 0 0 9 0 0 62 0 0 0 0 0 0 0 0 0 0 0 0 0 0 0 2 0 0 0 0 0 81 0 0 0 12 0 0 0 0 0 0 0 0 0 0 0 0 0 0 0 0 0 0 0 0 0 0 0 0 636 0 0 0 0 0 0 0 0 0 0 0 0 0 0 0 0 220 0 0 0 0 0 0 125 0 0 0 0 0 0 0 0 0 0 3273 0 0 0 0 0 0 213 68 0 0 0 0 0 0 0 0 0 0 0 0 312 0 0 0 0 0 0 0 0 91 0 0 3493 0 0 0 0 0 0 278 0 0 0 0
233 0 117 0 0 94 0 134 0 0 0 0 178 0 0 118 0 0 169 0 0 0 0 0 0 0 3036 0 0 0 0 0 0 0 0 0 0 0 65 0 0 113 0 0 0 0 0 0 0 0 0 0 0 0 0 0 0 0 0 0 0 0 0 0 368 0 332 0 0 0 0 0 207 0 0 0 0 0 0 0 0 0 3232 0 431 0 0 0 0 0 0 0 0 0 0 0 0 0 0 0 0 0 0 27 0 88 0 0 0 0 0 0 0 0 0 0 0 37 114 0 0 0 0 0 0 0 0 0 298 0 0 0 0 0 0 0 0 0 0 0 392 0 0 0 0 0 0 0 0 0 0 0 0 0 89 0 0 0 0 0 0 0 0 0 0 0 0 0 0 0 0 0 0 0 0 0 0 0 0 0 0 0 0 0 0 0 0 0 0 128 0 0 0 0 0 0 0 0 0 0
0 0 0 0 0 0 0 0 238 0 0 0 0 0 0 0 3349 0 0 0 0 0 0 0 0 0 0 0 0 0 0 0 0 0 0 0 0 0 0 0 0 0 0 0 0 0 0 0 0 0 0 0 259 0 48 0 0 0 0 0 0 550 0 0 0 0 0 0 0 0 40 0 0 0 0 0 0 0 0 0 75 0 0 0 0 0 0 0 0 0 0 0 0 0 0 0 0 0 0 0 0 0 0 0 0 0 0 0 0 0 167 0 0 0 0 0 0 0 0 0 0 0 0 0 0 0 0 0 0 0 0 0 0 0 0 0 0 0 0 0 0 160 0 0 0 0 0 0 0 0 0 0 0 89 0 60 0 239 3213 0 0 0 112 0 0 0 0 0 0 0 0 0 0 0 0 0 0 0 0 0 0 0 0 0 0 0 0 419 0 0 826 0 0 0 0 0 0 0 0 156
0 0 0 0 0 0 0 0 113 0 99 0 0 0 0 0 0 0 0 0 0 0 0 0 0 137 0 0 0 0 3595 0 0 0 246 0 0 0 0 0 0 0 69 0 0 134 0 0 0 0 0 0 0 0 0 0 0 0 0 483 0 0 0 0 0 0 0 0 0 0 0 0 117 0 0 0 0 0 0 100 0 0 0 0 0 0 0 0 0 0 0 0 0 188 320 0 0 0 0 0 0 160 0 0 0 0 0 0 0 0 92 0 0 0 0 0 0 0 34 148 0 0 0 0 0 0 0 0 0 0 0 0 0 0 0 0 0 62 0 0 0 0 0 0 0 0 0 0 0 0 0 0 3273 0 60 0 0 0 0 0 0 0 0 0 0 0 544 0 0 0 0 0 0 0 0 0 0 0 0 0 0 0 0 0 0 0 0 0 0 0 0 0 0 0 26 0 0 0 0 0
213 0 0 0 0 0 0 0 0 0 0 0 0 0 0 0 0 0 0 0 0 0 0 0 0 0 0 0 0 0 0 0 0 0 0 0 0 3310 0 0 12 0 0 0 0 356 0 0 0 0 0 0 0 0 0 0 149 0 0 0 0 0 0 0 0 0 144 0 0 238 2 0 0 33 0 0 0 0 0 0 0 120 0 0 0 0 0 0 0 0 0 0 0 0 0 0 0 0 0 0 379 0 0 0 0 0 0 0 0 0 0 0 0 316 34 0 0 0 0 0 0 0 0 0 0 134 0 382 0 0 141 0 0 3477 0 0 0 0 0 0 0 0 0 0 0 0 0 0 0 0 0 390 0 0 0 0 0 0 0 0 0 0 0 0 0 0 0 0 0 0 109 0 61 0 0 0 0 0 0 0 0 0 0 0 0 0 0 0 0 0 0 0 0 0 0 0 0 0 0 0
57 0 0 0 0 0 0 0 0 0 0 0 0 0 0 0 0 0 140 0 0 0 0 0 0 0 0 107 193 0 244 0 0 0 0 0 3148 0 0 3384 0 0 0 0 0 164 0 0 0 0 0 0 393 0 0 0 22 0 0 0 0 0 0 0 0 0 0 0 0 126 0 336 0 0 0 0 0 0 0 0 0 0 0 0 0 0 0 0 0 0 0 0 0 0 0 0 0 0 0 0 0 0 0 0 0 0 0 0 0 0 0 0 0 0 0 0 0 0 0 0 0 260 0 0 0 0 0 0 0 0 0 0 0 0 0 0 0 0 0 0 0 10 309 0 0 0 0 0 0 0 0 0 0 0 239 0 0 0 0 0 0 0 0 0 0 0 0 0 0 254 0 0 0 0 320 0 0 0 0 0 0 0 0 0 0 0 0 0 0 0 0 0 294 0 0 0 0 0 0 0
182 0 0 33 0 0 0 0 0 0 0 0 0 0 0 0 446 0 0 192 0 0 76 0 0 0 0 207 0 0 0 0 0 0 0 0 0 0 0 0 0 0 0 0 0 0 0 0 0 0 0 0 0 0 555 0 0 0 0 0 0 0 16 0 0 0 0 0 0 0 0 0 0 0 0 54 164 0 0 0 0 216 0 0 0 0 0 0 0 0 0 0 0 0 0 0 0 0 0 0 0 0 0 0 0 0 0 0 0 0 0 0 105 256 0 3081 0 119 0 205 0 0 0 0 0 0 0 0 0 0 0 0 0 0 0 0 0 261 0 0 0 0 0 0 0 0 0 0 0 0 0 0 0 0 3213 0 0 0 0 0 0 276 0 0 0 0 0 0 0 0 0 0 0 0 0 0 0 141 202 0 0 0 0 0 0 0 0 0 0 0 0 0 0 0 0 0 0 0 0 0
0 0 0 0 0 0 0 0 335 0 0 48 0 0 0 0 0 0 0 0 0 0 0 0 162 0 0 0 0 0 0 0 0 114 0 0 0 0 0 0 0 0 0 0 0 0 0 0 0 0 0 0 0 0 0 0 153 0 0 0 0 0 0 0 0 0 0 0 0 0 0 322 0 0 0 199 138 0 0 0 0 0 0 0 0 0 306 0 82 0 0 0 0 0 0 0 0 261 120 0 0 0 0 0 0 0 0 0 3054 0 0 0 0 0 0 0 0 0 340 0 0 0 0 0 0 0 0 0 0 0 0 0 0 0 116 0 0 0 0 0 0 339 0 0 0 0 0 0 0 0 0 0 0 0 0 0 0 0 0 0 0 0 0 0 0 0 0 0 0 0 0 0 452 0 0 0 0 0 0 0 0 0 0 0 0 3257 0 0 0 167 0 0 0 0 0 0 35 0 0 0
0 0 0 0 0 0 0 0 0 0 0 0 0 0 0 0 0 0 0 0 880 0 0 0 0 0 0 0 0 0 0 0 0 0 0 0 0 0 0 0 0 0 0 0 0 0 0 0 0 3393 0 0 0 0 0 0 0 0 0 0 0 0 0 0 347 0 13 0 0 0 0 0 0 0 0 0 0 0 0 0 0 0 0 0 211 0 0 0 0 0 0 0 0 0 0 33 0 0 0 0 0 0 0 0 0 0 0 0 0 0 0 0 0 0 0 0 0 0 0 0 0 0 0 0 0 0 0 0 0 0 0 70 0 0 0 0 0 0 0 0 0 0 0 0 0 0 0 0 0 0 0 0 0 0 0 0 0 0 0 0 0 1450 0 3448 0 0 0 0 0 0 0 0 0 0 0 0 0 0 0 0 0 0 0 0 0 0 0 0 0 0 0 0 0 0 0 155 0 0 0 0
0 0 0 0 0 0 175 0 0 0 0 0 0 0 0 0 0 0 84 0 0 0 0 7 0 0 0 0 0 0 0 0 0 0 78 0 0 0 0 0 0 0 0 0 0 0 0 0 0 87 0 0 92 0 0 0 0 0 0 0 0 0 0 34 0 0 0 0 0 0 0 0 0 23 0 0 0 0 0 0 0 0 0 0 0 0 0 0 0 0 0 0 0 0 0 0 0 0 0 0 0 0 0 0 0 0 0 0 0 0 0 0 0 0 0 0 0 0 145 0 0 0 0 0 0 0 0 0 0 0 0 0 0 0 0 0 0 0 0 0 0 353 0 0 0 0 0 0 3260 0 0 0 0 0 0 0 0 0 276 0 1450 0 0 0 0 0 0 0 0 0 0 0 0 0 0 0 0 0 0 0 0 0 618 3069 0 0 0 0 0 0 0 0 249 0 0 0 0 0 0 0
0 0 0 0 0 0 0 0 0 0 0 0 0 0 0 0 0 0 0 0 0 0 0 0 0 0 0 0 76 0 0 0 0 0 0 0 0 0 0 0 33 0 0 0 0 0 0 0 0 0 0 0 0 21 0 0 0 0 0 0 0 0 0 0 0 0 142 0 0 7 0 0 0 0 0 0 0 0 0 0 0 0 0 0 0 0 0 0 365 0 0 30 0 0 241 0 0 0 0 0 0 0 0 0 0 0 0 0 0 0 0 0 0 0 0 59 0 0 0 32 0 0 0 339 0 0 0 0 0 0 382 3013 0 0 0 0 463 0 0 0 0 0 0 0 0 0 0 0 0 0 0 0 213 0 112 0 0 0 0 0 0 0 0 0 0 0 0 0 684 0 0 0 0 0 0 0 26 0 0 0 0 0 0 0 0 0 0 0 0 0 0 0 3506 256 0 0 0 0 0 0
0 0 0 0 0 0 0 407 0 0 0 0 0 0 0 0 0 0 0 0 96 0 0 0 0 0 0 0 0 0 0 0 0 0 0 0 0 0 0 0 0 0 0 0 0 0 0 0 0 0 0 0 0 0 0 0 0 0 0 0 0 0 0 0 0 0 0 0 0 0 0 0 0 0 0 0 62 0 0 104 0 0 0 0 0 0 0 0 0 0 363 0 0 0 0 0 478 0 0 0 0 0 0 0 0 0 0 0 0 0 0 307 0 0 0 310 0 0 0 375 0 0 0 0 0 0 3203 0 0 0 0 0 0 0 0 0 0 0 0 0 0 0 0 0 0 0 0 0 571 0 0 0 68 0 0 0 0 0 0 0 3448 0 0 0 108 0 0 0 0 0 0 0 0 0 0 0 100 0 0 0 0 0 0 0 0 0 0 0 0 0 0 0 0 0 0 0 0 0 0 0
0 3181 0 0 0 0 0 0 0 0 0 0 0 0 0 217 0 0 0 0 0 0 0 0 0 0 0 0 0 0 0 0 0 0 0 0 0 0 0 0 0 0 0 0 0 0 0 0 0 0 0 0 0 0 0 0 0 0 0 0 0 0 139 200 0 0 531 0 0 0 0 0 0 0 0 0 0 3 0 0 0 0 0 0 0 0 2 0 0 0 0 0 0 0 0 0 0 0 0 0 0 0 0 0 695 0 0 0 214 0 0 0 0 0 0 0 0 0 0 0 0 0 0 0 0 0 0 0 0 0 0 0 3087 0 0 0 0 0 0 0 0 0 0 0 0 0 0 0 0 0 0 0 0 0 0 0 0 0 0 0 0 0 0 108 0 0 0 0 0 0 0 0 0 0 0 0 278 0 0 0 0 0 0 0 0 0 0 0 0 357 0 814 0 174 0 0 0 0 0 0
0 160 0 0 261 3460 0 58 0 0 0 0 0 0 17 0 0 0 0 0 0 0 0 0 0 0 0 0 189 0 0 0 0 0 0 0 380 0 177 0 0 0 0 0 0 0 0 0 0 0 0 0 0 0 209 0 0 0 0 0 0 0 42 0 0 0 145 0 0 0 0 0 0 0 0 0 0 0 0 363 0 0 0 0 0 194 0 0 0 0 0 0 3925 0 0 0 0 0 0 0 0 0 0 0 0 0 0 0 74 0 0 0 0 15 249 0 0 0 0 0 0 0 0 82 0 0 0 0 0 0 0 0 0 0 0 0 0 0 0 0 0 0 0 0 0 0 0 0 0 0 0 0 0 0 0 0 0 0 0 0 0 0 0 0 0 0 0 0 0 0 0 0 0 0 0 0 0 0 0 0 0 0 0 0 0 0 0 0 0 0 0 0 0 0 0 0 0 0 0 0
0 0 0 0 0 0 0 3553 0 0 0 0 0 0 0 57 0 0 0 0 95 0 0 0 0 267 0 0 0 0 0 0 0 0 0 0 489 0 0 0 0 0 0 0 0 0 0 0 0 0 0 0 0 0 0 0 0 0 0 0 0 0 0 0 0 0 0 0 0 0 0 0 0 0 0 0 0 0 0 0 0 141 0 0 0 0 0 0 0 0 0 0 0 0 0 0 0 0 0 435 0 0 0 260 0 0 0 0 0 0 0 0 0 0 0 0 0 0 0 0 0 0 0 0 0 0 0 0 0 0 0 0 0 0 0 0 0 0 0 0 0 0 0 0 0 0 398 0 0 0 0 167 0 0 0 544 0 0 0 0 0 0 0 0 0 0 0 0 0 0 497 0 0 0 0 0 0 0 0 0 0 0 0 0 0 0 0 0 0 0 0 0 0 0 0 3097 0 0 0 0
0 0 0 0 0 0 0 0 47 0 0 0 0 189 532 0 0 0 0 0 0 0 0 0 0 0 0 0 0 0 0 0 106 0 0 0 0 151 0 0 0 0 0 0 0 0 0 0 0 0 0 0 0 0 0 0 0 114 0 0 0 0 0 0 0 0 0 0 0 0 0 0 0 0 0 0 0 0 0 0 0 32 0 0 0 0 0 0 0 0 0 0 0 0 0 0 0 0 0 166 0 0 0 3280 0 0 449 0 0 0 0 0 0 0 292 0 0 0 0 0 0 0 0 0 0 0 0 0 0 0 0 0 0 133 0 17 0 0 0 357 0 0 0 0 0 0 0 0 0 0 0 0 0 0 0 0 0 0 0 0 0 0 0 0 0 0 0 0 0 0 0 268 0 0 0 91 0 0 0 0 468 0 0 0 0 0 0 0 0 0 3181 0 0 0 0 0 0 0 0 127
0 0 0 0 0 0 0 0 0 0 0 0 0 0 0 0 0 307 0 0 0 0 21 0 0 0 0 0 0 0 0 0 0 0 0 0 0 277 0 0 0 0 0 0 0 0 0 0 0 0 0 0 0 3726 0 0 0 0 0 0 0 0 0 147 0 0 0 0 0 251 0 0 0 0 3221 0 0 0 261 0 0 0 0 0 0 0 0 0 0 0 0 0 0 0 0 0 0 250 0 0 0 0 0 0 0 0 0 0 0 0 0 0 88 0 0 0 0 0 0 0 0 0 0 128 0 0 0 0 0 0 0 0 0 0 0 0 0 0 0 0 195 0 0 0 0 0 0 0 0 0 0 0 0 0 0 0 0 0 0 0 0 0 684 0 0 0 0 0 0 0 0 0 0 0 0 0 0 0 0 0 0 0 0 315 0 0 0 0 0 0 0 0 0 0 0 0 129 0 0 0
0 319 149 0 133 0 0 0 0 0 0 0 0 0 0 0 0 0 0 153 0 185 0 0 0 0 0 0 0 0 0 290 0 344 0 0 0 0 0 0 0 0 0 0 0 0 132 0 0 0 0 0 0 0 0 0 0 0 0 0 0 0 0 0 0 0 0 0 0 205 0 0 0 0 0 0 0 1 0 0 0 0 0 0 0 0 0 0 0 3369 0 0 0 0 0 0 0 0 0 0 0 0 0 0 0 0 0 120 98 0 0 0 0 0 0 0 0 171 0 0 0 510 0 0 0 0 0 0 49 95 0 0 0 0 0 0 0 0 0 0 0 0 0 25 0 0 0 0 0 0 0 0 0 0 0 0 0 254 0 0 0 0 0 0 0 0 0 0 0 0 0 0 0 0 0 0 0 0 3333 0 0 0 0 0 65 0 0 0 0 0 0 0 0 0 0 0 0 0 0 0
0 0 0 0 0 0 94 0 280 0 0 3486 0 0 0 0 0 0 0 0 0 0 0 0 0 0 0 0 0 0 0 0 0 0 0 0 0 0 0 0 0 0 0 0 0 0 0 0 0 234 0 0 0 0 0 0 204 94 0 0 0 0 0 324 0 0 0 13 0 96 0 0 0 0 0 0 0 0 0 0 0 0 0 0 0 0 0 561 0 0 0 0 0 0 0 0 0 0 0 0 0 0 0 0 0 0 0 0 0 0 0 0 0 0 0 0 0 0 3071 0 57 0 0 0 0 0 0 0 132 0 0 0 0 0 0 0 0 0 214 0 0 0 0 0 0 0 0 0 0 0 75 0 0 0 0 0 109 0 0 0 0 0 0 0 0 0 497 0 0 0 0 112 0 0 0 0 0 0 0 0 238 0 0 0 0 0 0 0 0 0 109 0 0 0 0 0 0 0 0 0
0 0 0 0 0 0 0 0 0 0 0 0 0 0 0 0 0 0 0 0 0 0 0 0 0 0 0 0 0 0 0 167 0 318 0 0 0 0 233 0 0 0 0 0 0 0 0 0 0 0 147 0 0 0 0 0 0 0 0 0 0 0 0 0 0 0 71 0 63 0 0 0 0 0 0 0 0 34 0 0 0 0 0 0 0 0 0 0 0 0 0 0 0 0 0 0 0 0 0 297 0 234 0 0 0 0 0 0 365 48 294 0 0 0 0 9 0 0 0 0 0 0 0 0 0 412 0 3119 0 0 0 202 152 0 0 0 175 0 0 0 0 0 0 0 0 0 0 0 0 0 0 54 0 0 0 0 0 0 0 0 0 0 0 0 0 0 0 268 0 0 112 0 0 0 0 0 0 0 0 3186 0 0 0 0 0 40 0 0 0 0 0 0 0 0 0 0 0 0 0 0
52 336 0 70 0 13 0 0 0 0 0 0 3287 0 83 0 0 0 0 0 0 0 0 0 0 0 0 0 0 67 0 0 0 0 114 0 0 0 0 0 0 0 0 1253 0 0 0 0 0 0 0 0 0 0 0 0 0 0 3087 0 0 0 0 0 0 0 0 0 0 70 0 0 0 0 67 0 0 481 0 0 0 0 0 0 0 0 0 0 0 0 0 0 0 0 0 0 0 0 72 0 0 0 0 0 0 0 0 0 0 0 0 0 0 0 0 0 0 0 0 0 0 0 0 0 0 0 0 0 0 0 0 0 0 0 0 0 0 0 163 0 0 0 0 75 0 15 0 0 0 0 0 0 0 0 0 0 61 0 0 452 0 0 0 0 0 0 0 0 0 0 0 0 0 0 0 0 0 0 0 0 0 0 0 0 0 0 0 182 0 0 0 0 0 0 0 0 0 0 0 0
181 0 0 0 0 8 0 0 0 0 0 0 222 0 527 0 0 0 0 0 0 0 0 0 0 0 0 0 0 0 43 0 0 0 0 0 0 266 0 0 0 0 0 0 0 0 0 0 0 0 0 0 0 0 0 0 0 0 0 0 0 0 0 0 0 0 0 0 0 0 0 210 0 0 0 0 0 0 0 0 0 3491 0 0 0 0 0 0 0 0 0 0 0 0 0 0 0 0 0 0 0 0 0 0 0 0 0 0 0 0 0 0 0 0 0 262 0 0 0 0 0 0 0 0 0 0 0 0 0 0 0 0 0 0 0 0 3309 0 129 0 0 0 0 0 255 0 0 0 334 0 557 0 0 0 0 0 0 0 0 0 0 0 0 0 0 0 0 0 0 0 0 0 0 0 0 0 0 0 0 0 0 0 0 0 206 0 0 0 0 0 0 0 0 0 0 0 0 0 0 0
0 0 0 94 0 0 0 0 0 0 0 0 0 0 0 0 0 0 0 0 0 0 0 301 0 0 0 0 0 0 0 0 0 0 0 0 0 0 0 0 0 0 0 0 0 0 0 0 0 0 0 0 316 0 0 0 0 0 0 0 0 0 0 0 0 0 319 0 297 0 0 0 0 0 0 0 0 0 0 0 0 0 3035 0 0 0 0 0 0 0 0 0 0 0 0 0 0 0 0 0 0 0 0 0 53 0 0 144 0 0 3543 0 0 0 0 0 0 0 32 0 0 0 0 0 0 0 0 0 0 0 0 0 0 0 0 0 0 0 0 0 0 449 0 0 0 0 0 0 0 0 0 0 0 0 0 0 0 320 0 0 0 0 0 0 0 0 0 0 0 0 0 0 0 0 0 0 0 0 0 0 0 0 0 0 0 0 0 168 0 0 0 0 184 0 85 120 223 131 186 0
0 257 0 22 360 0 0 0 0 0 0 0 0 0 179 0 142 0 0 0 0 0 0 12 0 0 0 0 0 0 0 0 0 0 0 0 0 0 0 0 0 0 0 643 0 0 151 0 0 0 0 0 0 0 0 0 0 0 0 0 0 0 0 0 0 0 39 0 0 0 0 0 0 0 0 0 0 0 0 0 3102 0 0 0 0 0 0 0 0 0 0 0 0 0 0 0 0 0 0 3592 0 0 0 0 0 0 0 237 0 0 0 0 0 0 0 0 0 0 0 0 0 0 0 0 0 0 26 0 0 0 0 0 92 0 0 0 0 0 0 0 0 104 0 0 0 0 0 0 0 0 0 0 0 0 0 0 0 0 0 0 0 0 0 0 0 0 0 91 0 0 0 0 0 0 0 0 0 0 0 0 119 0 0 0 0 0 0 0 0 0 129 0 0 0 0 0 703 0 0 0
524 0 0 0 362 0 0 0 0 0 0 0 0 0 0 0 0 0 69 0 0 0 0 0 0 0 0 0 0 0 0 0 0 0 0 0 0 0 0 0 0 0 0 0 0 3036 0 0 0 0 0 0 0 0 0 177 38 0 0 0 0 0 0 0 0 0 0 0 234 0 0 0 0 0 0 51 0 0 0 19 0 0 0 0 0 0 296 0 0 0 0 0 0 0 0 0 0 0 0 0 0 0 469 0 0 0 0 0 0 0 0 0 0 0 0 0 0 0 0 0 0 0 0 0 0 0 0 0 0 0 0 0 0 0 0 0 0 0 0 0 0 0 0 485 0 0 0 0 0 0 0 0 312 0 0 0 0 0 0 0 0 0 26 100 278 0 0 0 0 0 0 0 0 0 0 0 0 0 0 0 0 0 0 0 112 0 0 0 0 0 0 0 0 0 0 0 0 0 3412 0
216 133 0 0 0 0 0 411 0 0 271 0 0 0 0 0 307 0 0 0 0 0 0 0 0 0 0 0 0 0 0 0 0 0 0 0 135 0 0 0 59 50 0 0 283 0 0 0 0 0 0 267 0 0 0 0 0 0 0 0 0 0 0 0 246 0 0 0 0 130 0 0 0 0 336 0 0 0 0 0 0 0 0 0 0 0 0 0 0 0 0 0 0 0 0 0 0 0 0 0 0 279 0 0 0 0 3020 0 0 81 0 0 0 0 0 0 0 0 0 0 0 0 0 0 0 43 0 0 0 0 0 0 0 66 115 0 0 0 0 0 0 0 0 0 0 0 0 0 0 6 0 3053 0 0 0 0 0 0 141 0 0 0 0 0 0 0 0 0 0 0 0 0 0 0 0 0 0 0 0 0 0 0 0 0 0 0 0 0 0 0 0 0 352 0 0 0 0 0 0 0
0 24 0 0 0 0 0 0 0 242 0 0 0 0 0 0 0 241 0 0 0 0 0 83 3334 0 0 0 0 0 0 0 0 0 0 0 0 0 0 0 0 0 0 0 0 0 0 0 0 0 0 0 0 0 0 0 0 0 189 0 0 0 0 0 0 0 0 0 282 95 0 0 0 63 0 0 0 0 266 0 217 327 0 0 0 7 0 0 91 0 0 0 0 0 0 0 59 0 0 0 0 0 0 0 0 0 0 261 0 0 0 0 0 0 0 0 0 0 0 0 0 0 0 0 0 0 0 0 0 0 0 0 0 141 0 0 0 0 342 0 0 0 0 0 0 0 65 0 0 0 0 116 0 0 0 0 0 0 202 0 0 0 0 0 0 0 0 0 0 3333 0 0 0 0 0 0 0 0 0 0 0 0 0 0 13 0 0 0 0 0 7 0 0 0 0 0 0 0 0 0
0 0 0 0 0 702 0 57 0 0 140 0 0 0 0 0 0 0 0 0 0 0 0 0 0 0 370 0 0 0 0 0 0 0 0 0 0 0 0 0 0 0 0 0 220 0 0 0 0 0 0 0 0 0 324 0 0 0 0 0 0 0 0 0 70 0 0 0 22 0 0 0 0 167 0 0 141 0 0 0 0 0 0 0 0 0 0 0 0 0 0 0 0 0 0 0 0 0 0 0 0 0 0 0 0 0 0 0 0 86 0 0 267 0 0 0 3380 0 0 0 0 81 0 0 0 0 117 0 0 0 0 0 0 0 0 331 0 0 0 171 0 0 0 0 0 0 0 0 0 0 0 0 0 0 0 0 0 0 0 0 0 0 0 0 0 0 0 0 0 0 0 3186 0 0 0 0 0 0 0 0 0 0 0 0 0 0 0 0 0 0 0 0 0 0 168 0 0 0 0 0
0 0 150 367 0 0 0 0 0 0 0 0 0 258 0 0 0 0 0 0 0 0 0 0 0 0 0 0 0 0 0 0 0 0 0 75 0 0 0 0 0 0 0 0 0 0 0 0 0 0 0 0 0 0 0 0 0 179 0 0 0 0 0 0 0 0 0 0 0 0 0 0 0 0 0 3397 0 0 0 54 0 0 0 0 0 245 124 0 0 0 0 0 0 0 0 279 0 0 0 0 0 0 0 0 0 0 0 0 0 0 0 0 321 0 0 0 0 0 0 0 0 0 0 0 0 0 0 0 0 0 0 0 0 0 89 3212 0 0 0 0 0 0 0 0 0 0 0 15 183 40 0 187 0 0 0 0 0 0 0 0 0 0 0 0 0 0 0 468 0 0 238 0 0 0 0 119 0 0 0 0 0 0 0 0 0 0 0 0 0 0 0 0 0 0 0 0 0 0 0 0
0 0 3088 0 0 0 0 0 0 0 0 0 0 0 0 0 0 0 0 190 0 0 87 0 0 0 0 0 29 0 0 0 0 0 0 0 188 0 0 0 0 0 0 0 284 0 0 0 0 0 182 0 0 0 0 0 0 0 31 168 0 60 0 0 0 0 0 0 0 0 0 0 3178 0 0 0 0 0 0 73 0 0 0 0 0 0 0 154 0 0 0 0 0 0 0 0 0 0 169 0 0 0 0 0 0 0 225 0 0 384 0 0 0 0 0 0 0 0 0 0 0 0 164 0 0 0 0 0 0 430 0 0 0 0 70 32 0 0 0 0 0 0 0 0 154 0 0 0 0 0 0 0 0 0 0 0 0 0 0 0 0 0 0 0 0 0 0 0 0 0 0 0 0 0 0 0 0 0 0 0 0 0 0 0 0 0 0 181 0 0 0 0 0 0 0 0 0 479 0 0
0 0 0 0 424 0 0 0 0 0 364 124 0 0 0 0 256 0 0 0 0 0 0 0 91 0 0 127 0 0 0 0 0 3350 0 0 0 0 0 0 0 0 3253 0 0 0 0 0 0 0 0 0 0 0 203 0 0 0 0 0 0 0 0 0 0 0 0 0 0 0 0 0 0 0 0 0 0 0 0 0 0 0 0 0 0 0 145 0 367 0 0 0 0 0 0 0 0 0 0 0 0 0 215 0 0 0 0 0 0 0 0 0 0 0 0 0 0 0 166 0 0 0 0 0 0 0 0 0 0 0 0 0 0 0 0 0 0 156 0 0 0 0 0 0 0 0 0 0 0 0 0 0 0 0 0 0 0 0 0 0 0 618 0 0 0 0 0 0 0 0 0 0 0 0 0 0 0 0 0 0 0 0 0 0 0 0 0 0 0 0 0 0 0 0 141 0 0 0 0 0
0 0 0 0 0 0 0 0 0 0 0 0 0 183 0 21 0 147 0 0 0 0 0 0 0 0 0 0 0 0 0 0 0 0 242 0 0 54 0 0 0 0 0 0 0 0 0 0 0 0 0 0 73 247 0 0 0 334 0 0 0 0 0 80 0 0 0 0 0 0 0 0 0 0 0 0 0 0 0 0 0 0 0 511 0 0 0 0 0 189 0 0 0 0 0 0 0 0 0 0 0 0 0 0 0 0 0 35 0 0 0 0 0 0 0 0 0 32 0 0 0 0 0 0 0 0 0 0 0 0 0 52 201 0 0 0 200 169 0 0 0 0 0 0 0 0 240 0 86 0 0 0 0 0 0 0 0 0 0 0 0 3069 0 0 0 0 0 0 315 0 0 0 0 0 0 0 0 0 0 0 0 0 0 0 0 0 0 0 0 0 0 0 0 0 0 0 261 0 0 3259
0 0 0 0 0 0 0 98 0 0 0 0 0 0 131 0 0 282 424 0 0 0 0 3081 0 0 0 0 387 0 0 3157 0 0 0 0 28 0 0 0 85 0 0 108 324 0 0 0 0 0 0 0 0 0 0 0 0 0 0 0 50 0 0 0 0 0 0 0 0 81 0 0 4 0 0 0 0 0 0 81 0 0 0 0 0 0 0 0 0 0 0 0 0 0 387 0 0 0 0 0 0 0 0 0 0 0 0 0 61 0 0 54 0 236 0 0 0 0 0 0 0 0 0 0 0 0 0 166 0 0 0 34 0 0 0 0 0 0 0 116 0 0 0 0 0 0 0 0 0 0 121 0 0 0 0 0 0 0 0 0 0 0 0 0 0 0 0 0 0 65 0 0 0 206 0 0 112 0 13 0 0 0 0 0 0 0 0 108 0 0 0 0 0 0 0 0 0 0 0 0
0 0 0 0 0 0 0 0 81 281 169 148 0 0 0 0 0 0 14 0 0 0 0 0 0 0 0 0 105 0 0 58 0 0 0 0 0 0 0 0 18 0 0 0 0 0 0 0 0 0 126 0 0 0 0 0 0 0 0 422 0 0 0 0 19 0 0 0 0 0 0 0 0 0 0 0 76 0 0 0 0 0 0 0 0 0 0 0 0 0 0 0 0 0 0 320 0 0 0 0 0 0 0 0 0 0 0 0 0 136 0 0 0 0 0 0 0 408 0 0 0 0 333 251 0 0 0 0 0 0 0 3131 200 0 0 0 0 0 0 0 0 0 0 0 0 0 73 0 0 0 0 0 91 0 0 0 0 0 0 3257 0 0 0 0 0 0 0 0 0 0 0 40 0 0 0 0 0 0 0 0 0 0 0 0 0 0 0 0 0 0 0 129 0 0 0 0 0 0 0 114
0 0 0 0 0 0 0 0 0 0 0 0 0 0 0 0 0 0 0 0 0 0 0 0 0 0 0 0 0 0 0 0 151 0 0 0 0 0 0 0 0 0 0 0 0 0 0 0 0 651 0 0 0 0 0 0 0 0 0 0 0 0 97 0 0 0 0 0 0 0 328 0 0 0 0 0 0 0 0 0 0 0 121 0 0 0 0 0 13 0 0 0 0 0 0 0 0 0 0 0 0 341 3197 0 0 0 0 0 0 0 0 0 0 0 0 0 348 0 0 0 0 0 0 0 0 338 0 0 0 0 0 0 0 0 0 0 19 0 0 0 0 0 0 294 0 0 0 3269 0 0 0 343 0 0 0 0 0 0 0 0 0 0 0 0 0 0 0 0 0 0 0 0 0 0 0 0 0 0 0 0 0 0 0 0 0 0 0 0 0 0 0 0 0 221 0 0 0 162 0 107
0 0 0 0 6369 0 45 0 0 0 0 0 97 217 0 0 0 0 0 0 0 0 0 0 0 0 0 0 0 0 0 0 0 0 0 0 0 0 0 0 0 0 0 0 0 0 0 0 0 0 0 242 0 0 0 0 389 0 0 0 0 0 0 0 0 0 0 0 0 0 0 0 0 0 175 0 0 0 0 0 0 0 0 0 130 0 0 0 0 0 0 0 0 0 0 118 0 0 0 0 0 0 0 0 0 0 0 0 0 0 0 0 0 0 21 0 0 0 0 0 0 0 70 0 0 0 0 0 0 0 0 0 173 123 0 0 0 0 0 483 0 0 0 0 0 0 49 0 0 0 0 0 0 0 419 0 0 0 0 0 0 0 0 0 0 0 0 0 0 0 0 0 182 0 168 0 0 0 0 0 0 181 0 0 108 0 0 0 0 0 0 8 0 0 233 0 0 0 0 0
0 0 0 0 0 0 0 0 0 510 0 0 0 0 0 0 0 0 0 0 0 0 0 0 44 0 0 0 3077 0 0 0 0 0 0 0 0 0 0 0 0 0 0 0 0 0 0 0 0 0 0 0 0 0 0 0 0 0 0 0 0 136 0 0 0 0 0 305 0 0 0 0 0 0 0 0 169 0 0 0 0 0 0 0 0 0 0 0 0 0 0 0 0 269 0 0 0 0 0 0 0 0 0 0 0 0 0 0 0 0 83 0 0 0 0 0 0 0 0 0 0 515 0 0 0 0 0 0 0 0 0 0 0 0 0 0 0 0 0 0 0 0 879 0 0 0 0 520 0 0 0 0 3493 0 0 0 0 0 0 0 0 0 0 0 0 0 0 0 0 0 0 0 0 0 0 0 0 0 0 0 0 0 0 0 0 0 0 0 0 0 0 0 0 0 0 0 0 0 0 0
0 281 0 151 0 127 0 0 0 76 0 0 0 0 0 0 0 0 0 0 0 145 0 0 0 0 0 0 0 0 0 224 0 0 0 0 32 0 0 0 0 0 0 0 0 0 0 0 0 0 0 0 65 0 0 0 0 0 0 0 0 0 0 0 0 0 0 169 0 0 0 0 0 0 0 0 0 0 0 111 0 0 0 0 0 0 0 0 17 0 176 0 0 0 0 0 0 0 0 0 224 0 80 0 0 0 96 21 0 0 0 0 0 0 0 0 0 0 109 90 0 3023 0 0 0 0 0 527 0 0 0 0 59 0 0 0 0 0 0 0 0 40 0 0 57 0 0 0 3088 0 0 0 0 128 0 0 0 0 0 167 0 0 0 0 357 0 0 0 0 0 0 0 0 0 0 0 0 0 0 0 0 0 0 0 0 0 0 0 0 0 0 5 0 0 0 355 0 0 0 0
0 0 0 0 0 0 0 0 0 0 145 0 187 0 0 0 0 0 0 0 0 0 0 122 0 0 0 0 0 0 0 0 0 0 0 90 0 0 0 0 0 0 60 0 0 0 0 0 0 0 0 152 0 0 0 0 0 0 0 0 0 0 0 0 0 0 0 0 0 0 0 0 0 0 0 0 0 0 0 0 0 0 0 0 0 0 287 19 0 0 0 0 0 0 0 0 0 0 0 0 0 0 0 0 0 0 0 185 0 0 0 0 0 0 0 0 104 0 0 0 0 0 0 2 3141 0 0 0 0 0 0 0 0 0 450 0 0 0 0 0 0 0 0 0 0 0 0 0 249 0 33 0 0 0 826 0 0 0 0 0 0 0 0 0 0 0 0 3181 0 0 109 0 0 0 0 129 0 0 7 0 0 0 0 0 0 0 0 0 0 0 0 0 522 0 0 0 0 0 0 0
0 0 0 0 0 0 0 0 0 0 0 0 0 0 0 322 0 0 0 0 0 0 0 277 0 0 0 0 0 0 0 0 0 0 284 0 0 0 0 0 569 3 0 0 0 0 0 0 0 0 0 3191 0 0 0 0 0 0 0 0 3852 0 0 0 0 150 0 0 0 0 251 88 0 0 0 0 0 0 0 0 0 0 0 0 0 0 0 0 0 0 0 0 0 0 0 0 0 0 0 0 0 0 0 0 0 0 0 0 0 0 0 0 0 0 57 0 0 0 0 0 0 0 0 0 0 0 0 0 0 0 0 0 0 0 0 0 0 0 0 0 0 0 0 0 0 0 0 0 0 0 0 0 0 0 0 0 0 0 0 0 0 0 0 0 814 0 0 0 0 0 0 0 0 0 0 0 0 0 0 0 0 0 0 0 0 129 0 8 0 5 0 0 0 0 0 0 0 0 0 0
0 0 0 0 0 0 0 0 0 0 0 0 0 0 0 0 0 0 0 0 0 0 0 0 0 0 0 0 0 3464 0 0 0 0 0 0 0 0 0 0 0 0 0 0 0 0 0 0 0 0 0 0 0 0 0 459 0 0 0 0 0 0 0 0 0 182 0 0 192 0 0 84 61 0 0 0 0 0 0 0 28 0 0 0 0 0 0 0 0 0 0 192 0 0 0 0 0 0 0 0 0 0 0 0 117 0 0 0 0 0 0 0 0 0 0 0 0 0 0 0 0 0 0 0 0 0 0 0 0 0 0 0 0 0 0 0 0 0 0 114 0 0 0 0 0 0 0 0 0 0 0 0 0 0 0 0 0 294 0 0 0 249 3506 0 0 0 0 0 0 0 0 0 0 0 184 0 0 352 0 0 0 0 0 0 0 0 0 0 0 0 522 0 0 0 0 0 0 0 0 0
0 0 0 0 0 0 0 0 3298 0 0 0 0 0 0 2 0 0 0 0 0 0 0 109 0 0 0 0 0 0 0 0 0 0 0 0 0 0 0 0 0 0 0 0 0 0 0 0 0 60 0 0 0 0 0 0 96 0 0 367 0 0 0 0 0 0 0 0 0 0 0 0 0 0 0 0 0 0 0 3187 0 0 0 0 0 0 1 0 73 0 0 0 0 0 848 0 64 191 0 0 0 0 0 0 0 0 0 0 0 0 0 0 0 43 0 0 0 0 0 0 0 0 0 0 0 0 0 0 0 0 0 0 0 0 239 0 0 0 62 0 686 23 0 0 0 0 0 0 0 0 0 0 0 0 0 0 0 0 0 0 0 0 256 0 174 0 0 0 0 0 0 0 0 0 0 0 0 0 0 0 0 0 0 0 0 0 221 0 0 0 0 0 0 0 0 0 0 0 0 0
0 0 0 0 0 0 0 0 0 0 99 0 0 0 0 0 0 0 0 0 0 0 0 0 0 0 0 279 0 0 0 0 0 0 0 0 0 0 0 0 0 0 0 0 0 0 0 0 0 0 0 0 0 0 0 163 0 0 0 0 0 0 0 0 0 148 0 0 6165 0 0 0 574 139 0 0 0 0 0 0 0 0 0 0 0 0 0 0 0 0 0 0 0 182 0 0 0 0 0 0 0 0 0 0 0 0 0 0 86 0 380 0 0 0 0 0 0 124 62 0 0 397 185 0 0 0 0 0 0 31 0 0 0 0 216 0 0 0 0 0 0 0 0 0 68 49 0 0 0 0 0 0 0 0 0 26 0 0 0 0 0 0 0 0 0 0 0 0 0 0 0 0 0 0 85 0 0 0 0 168 0 0 141 0 0 0 0 233 0 0 0 0 0 0 0 0 0 0 0 0
0 0 0 549 0 0 0 0 0 0 0 0 0 0 0 0 0 0 27 0 0 0 18 0 0 0 0 0 0 0 0 0 0 0 0 0 0 87 0 0 0 0 0 0 0 0 0 0 0 0 0 0 0 0 0 0 0 0 0 0 0 0 0 0 0 0 0 0 0 0 3372 456 0 0 0 0 0 0 223 0 0 0 0 132 0 0 0 0 0 0 0 0 0 0 0 0 0 0 0 0 0 0 0 0 0 0 0 0 0 0 0 300 0 0 0 0 0 0 0 135 307 0 0 0 0 0 0 0 0 0 28 0 0 0 36 0 0 0 0 0 0 0 0 0 0 0 0 89 0 0 236 0 278 0 0 0 0 0 0 0 155 0 0 0 0 0 3097 0 0 0 0 0 0 0 120 0 0 0 0 0 0 0 0 0 0 0 0 0 0 355 0 0 0 0 0 0 0 0 0 0
0 0 0 0 0 0 0 0 0 0 0 0 0 0 0 0 0 0 0 0 0 0 0 0 0 0 0 0 0 0 0 0 371 0 0 81 0 0 0 0 0 59 0 0 0 0 0 0 0 0 0 195 0 0 3311 0 0 0 0 0 0 109 0 0 0 206 0 3440 0 0 0 0 0 0 0 0 0 0 0 0 0 0 0 0 0 0 0 0 0 344 0 0 0 0 0 0 0 0 0 0 0 0 0 0 0 175 0 0 0 0 0 0 0 0 63 0 0 0 0 0 0 0 103 0 0 0 0 0 0 0 0 56 0 0 0 0 0 0 0 0 0 0 0 0 0 113 0 23 0 0 0 0 0 0 0 0 0 0 0 35 0 0 0 0 0 0 0 0 129 0 0 0 0 0 223 703 0 0 0 0 0 0 0 261 0 0 0 0 0 0 0 0 0 0 0 0 0 0 0 0
0 0 0 54 0 0 0 0 0 0 0 0 0 0 0 0 0 0 0 0 0 0 0 0 0 0 0 0 0 0 0 0 0 0 0 0 0 0 0 0 0 0 0 0 11 0 223 0 138 0 0 0 0 0 0 0 0 694 0 0 0 0 0 288 0 0 0 0 0 0 0 0 0 0 0 0 3058 0 0 0 0 0 0 0 100 0 0 0 0 0 0 244 0 0 0 0 0 0 0 0 0 0 0 9 0 0 0 0 0 0 0 0 311 0 0 0 0 0 0 0 0 0 0 0 0 0 0 0 0 3324 0 0 0 0 155 0 0 0 0 0 0 0 0 0 0 0 0 0 0 455 0 0 0 0 0 0 0 0 0 0 0 0 0 0 0 0 0 0 0 0 0 0 0 0 131 0 0 0 0 0 0 479 0 0 0 0 162 0 0 0 0 0 0 0 0 0 0 0 164 0
149 222 0 0 0 0 0 0 0 130 0 0 0 0 0 0 0 0 0 0 0 0 0 0 0 0 0 0 0 0 0 0 0 0 0 0 0 0 0 0 160 0 146 0 21 3300 0 0 205 0 0 0 0 0 0 0 0 0 0 0 0 0 0 28 352 0 0 0 0 0 0 0 2 0 0 0 0 150 0 264 0 0 0 57 0 0 0 0 0 0 0 0 0 0 0 120 0 0 0 0 0 0 0 499 0 228 0 0 0 0 0 0 0 0 0 0 0 0 0 0 0 0 0 0 0 0 0 0 0 0 0 90 0 115 0 0 0 0 0 0 0 0 0 0 0 0 0 0 0 0 0 0 0 0 0 0 0 0 0 0 0 0 0 0 0 0 0 0 0 0 0 0 0 0 186 0 3412 0 0 0 0 0 0 0 0 0 0 0 0 0 0 0 0 0 0 0 0 164 0 0
0 0 0 0 501 0 0 0 0 0 0 0 0 0 0 0 0 0 0 0 0 0 0 192 0 0 0 0 0 0 0 0 0 0 0 0 0 0 0 0 0 0 0 0 0 0 0 0 0 0 0 113 0 0 0 0 0 0 0 0 0 3495 244 0 0 0 0 0 0 0 0 0 0 0 0 0 0 0 0 0 0 0 0 195 0 0 0 0 196 0 0 0 0 0 0 0 0 0 0 0 0 0 84 0 0 0 0 0 0 0 0 0 0 0 391 0 51 0 0 0 0 0 0 0 0 0 0 0 0 0 0 0 0 146 0 0 0 0 0 47 0 257 0 0 0 0 0 46 0 279 0 0 0 0 156 0 0 0 0 0 0 0 0 0 0 0 0 127 0 0 0 0 0 0 0 0 0 0 0 0 0 0 0 3259 0 114 107 0 0 0 0 0 0 0 0 0 0 0 0 0
