200 2000
66 101
150 8
188 13
12 183
124 34
174 137
51 46
142 34
131 152
69 51
62 56
58 184
116 56
116 174
79 131
118 154
1 159
140 1
186 51
54 52
61 127
133 56
3 96
41 52
148 136
7 104
51 21
192 71
148 110
138 183
3 130
197 42
148 181
56 195
144 86
73 60
108 127
18 64
79 169
38 168
25 31
67 172
94 87
82 159
41 18
8 31
70 82
47 114
13 154
65 50
4 23
37 166
45 180
55 87
87 15
122 91
141 138
196 161
102 90
63 165
173 13
172 110
75 178
77 2
44 96
42 63
11 42
118 26
179 69
37 46
127 176
183 17
128 43
63 109
188 133
193 81
35 9
35 73
157 82
49 149
98 123
173 1
1 130
147 188
144 113
155 200
86 166
95 131
140 185
194 89
178 110
81 130
167 21
186 77
24 9
40 158
127 72
97 139
4 129
160 76
192 188
53 190
97 11
69 81
66 8
188 96
77 67
153 35
173 188
37 185
196 175
170 32
60 194
3 12
167 37
36 53
197 160
169 163
141 22
182 99
156 120
73 116
8 139
145 7
142 190
90 98
73 193
97 70
158 31
34 160
72 160
113 125
167 82
62 151
75 147
6 41
42 112
59 63
178 41
135 90
80 185
4 198
146 195
53 175
150 133
115 188
189 77
136 32
105 123
140 193
197 169
115 3
179 108
163 95
84 49
184 84
56 125
138 22
149 130
133 76
159 179
78 41
151 174
141 169
142 49
106 1
71 155
152 181
11 178
91 63
24 137
128 185
62 200
166 109
7 83
78 125
159 63
50 27
27 4
81 50
75 115
116 163
94 50
81 87
83 124
196 72
130 20
24 176
173 157
177 69
25 51
91 65
102 4
92 198
87 32
142 32
105 50
24 16
91 110
139 41
162 50
50 13
26 120
154 19
177 80
173 78
71 69
36 146
76 130
12 153
1 158
37 51
179 97
2 176
44 75
197 176
177 76
144 136
4 175
172 69
107 178
53 82
115 85
188 182
199 78
119 6
1 154
130 5
148 36
177 87
65 144
58 168
74 27
76 126
119 33
81 137
64 80
95 194
134 178
64 89
116 146
24 70
124 51
2 173
179 89
58 81
64 50
149 136
30 193
61 10
42 57
186 147
30 102
74 113
108 116
25 110
35 96
113 100
100 99
82 69
43 26
172 102
16 192
100 13
70 133
25 118
159 178
190 80
131 141
67 20
74 43
78 33
45 153
195 183
84 47
97 50
49 99
148 33
1 65
153 67
61 133
108 22
18 184
75 134
11 31
11 195
91 80
97 73
10 116
12 144
113 11
8 178
87 44
113 104
143 116
41 70
152 157
39 166
36 9
58 103
169 38
165 194
141 80
11 124
184 147
94 21
10 95
167 16
96 153
158 46
124 72
39 152
158 175
83 140
74 38
57 10
181 171
76 17
66 21
50 6
96 95
162 161
98 85
74 106
105 21
140 188
160 57
142 64
45 139
159 113
56 104
55 16
64 81
149 71
120 34
179 25
80 164
138 139
61 192
70 49
67 48
130 195
125 6
33 92
21 141
39 132
78 84
9 186
119 47
32 141
103 111
75 132
181 80
38 33
150 110
167 171
9 156
85 198
119 48
115 104
141 73
169 124
156 138
7 19
113 181
25 84
181 136
25 34
32 78
161 164
83 109
185 19
188 195
133 104
146 173
138 12
131 17
69 94
42 152
194 97
126 134
17 64
88 32
190 32
77 44
118 92
165 109
191 171
49 43
70 173
10 103
66 15
119 75
36 28
90 74
148 43
44 42
48 9
82 102
102 66
3 35
137 187
179 152
124 131
62 197
88 118
32 114
116 24
80 14
42 154
181 3
45 199
91 55
133 139
55 183
175 193
117 114
23 25
71 64
167 156
89 187
133 51
57 112
4 196
11 15
56 113
70 75
186 133
172 126
18 55
155 55
127 106
43 199
89 14
65 154
10 54
48 30
182 23
128 72
89 160
187 126
50 35
90 11
73 8
156 155
94 103
128 23
122 189
111 35
199 2
154 155
119 50
74 162
195 135
25 89
158 37
147 109
45 198
163 193
98 72
94 75
65 66
161 132
114 2
103 60
44 98
93 166
84 196
77 198
84 114
200 184
121 124
151 185
73 83
146 66
74 118
112 99
26 41
140 20
175 67
10 101
195 66
131 86
146 48
123 132
123 182
173 4
32 57
116 5
132 102
33 187
190 37
188 14
168 9
17 155
45 133
191 151
29 182
78 165
64 83
150 39
164 165
9 76
118 110
19 93
2 170
186 29
110 182
104 110
12 110
127 78
193 162
182 37
90 197
77 160
96 181
68 140
76 146
36 4
136 78
166 8
124 3
191 135
107 39
176 44
28 23
30 36
32 152
157 46
20 112
196 38
117 85
134 140
131 142
147 148
10 66
130 23
26 91
78 123
97 104
127 137
18 50
71 12
5 200
115 147
99 83
88 146
47 94
107 74
170 90
192 41
16 29
87 30
16 111
50 187
150 37
114 71
134 145
186 65
120 46
60 74
75 13
53 158
32 113
100 4
104 168
148 22
30 142
32 72
142 146
45 58
61 149
77 151
126 119
49 144
98 31
187 198
186 11
134 199
181 58
52 50
89 183
147 89
143 12
19 86
128 11
170 109
37 136
81 123
14 90
150 1
179 79
131 13
151 63
166 55
100 48
53 133
186 12
199 106
169 64
8 164
72 28
12 148
77 22
166 124
41 118
35 104
159 4
196 151
177 165
101 65
59 179
5 106
151 96
33 2
153 54
188 7
53 1
144 173
143 31
58 128
116 102
44 59
94 65
141 2
24 52
43 77
146 124
145 139
156 153
171 64
76 4
144 50
43 47
34 40
134 118
57 131
110 59
152 172
171 9
100 63
57 28
75 173
200 24
174 185
27 72
193 105
49 199
85 63
119 195
109 172
101 37
123 197
125 79
66 147
155 53
103 190
160 135
69 79
19 87
63 108
130 27
83 26
137 148
128 31
18 34
75 76
35 151
7 72
24 92
115 192
27 123
8 154
163 70
150 178
24 179
146 197
74 179
21 143
156 119
70 178
135 13
104 58
105 138
85 109
62 182
166 114
27 119
56 193
108 124
145 24
171 58
46 89
186 200
24 73
12 102
18 51
179 191
7 111
129 54
135 56
153 138
158 122
48 109
124 191
106 2
24 191
115 36
87 144
80 87
190 165
123 195
133 82
21 153
111 115
135 194
13 92
145 73
43 156
153 70
8 11
26 156
196 121
185 8
115 200
151 97
36 128
103 114
18 116
113 44
137 184
95 156
35 90
68 117
24 128
62 75
15 56
135 47
182 198
191 117
74 75
17 90
13 71
74 180
145 82
195 156
153 34
5 75
24 78
21 74
124 70
15 127
28 37
37 79
42 54
4 181
10 186
59 81
52 26
18 150
108 39
78 79
67 25
73 185
11 153
67 19
43 191
184 133
196 135
175 142
185 41
195 122
53 70
136 152
172 132
52 29
78 55
92 106
33 136
136 43
165 105
153 121
113 64
1 178
166 15
19 177
18 80
179 70
170 129
132 197
79 138
25 138
154 16
107 168
129 108
41 13
103 16
5 115
70 171
148 200
114 122
52 87
193 72
89 190
193 92
53 71
184 64
75 87
125 10
131 76
40 56
18 169
118 35
39 122
46 12
29 89
124 111
2 166
6 166
175 199
89 126
185 170
101 73
115 67
1 177
149 98
43 97
150 198
108 86
99 77
56 43
8 50
54 4
151 135
198 199
77 68
171 50
99 61
74 157
36 85
119 54
96 29
58 64
191 125
71 61
148 197
147 125
47 62
181 87
10 59
165 16
186 96
92 121
111 189
70 63
160 119
139 113
116 164
12 124
178 17
82 148
132 68
116 100
68 189
154 129
16 99
178 193
153 164
115 197
114 89
37 12
87 160
172 116
180 65
68 134
178 65
64 162
102 149
193 69
140 45
175 108
172 78
48 126
11 191
68 142
7 162
185 61
158 70
47 115
59 48
123 73
26 167
41 71
106 150
138 43
157 57
116 40
17 115
95 65
155 163
57 188
188 155
168 176
15 86
20 135
7 171
63 136
134 200
70 9
28 158
199 10
114 11
79 133
68 131
85 112
172 51
90 13
18 72
111 156
83 11
141 50
49 122
128 99
164 21
39 41
197 184
163 67
148 149
158 19
171 139
144 170
106 197
57 194
73 77
120 50
153 92
191 36
192 42
169 98
182 60
17 9
65 132
159 138
69 11
179 81
112 30
7 26
23 12
59 136
157 1
86 135
68 190
144 148
73 182
120 190
96 115
7 28
20 25
180 69
119 125
76 58
199 177
51 82
28 10
139 78
174 15
58 135
27 145
137 107
17 12
169 75
49 39
181 176
188 134
120 69
129 55
182 130
152 110
120 164
46 13
57 148
69 58
52 66
58 102
133 152
12 20
21 133
10 121
46 106
181 135
70 102
116 159
142 97
111 148
8 151
145 90
85 53
155 191
170 158
71 157
9 160
71 22
172 186
92 163
186 110
70 170
40 51
21 132
22 190
187 144
140 136
168 82
42 45
27 88
66 47
45 178
96 92
101 9
154 3
190 145
149 184
175 69
139 93
56 177
57 76
82 108
94 120
177 5
93 24
145 147
88 182
192 24
114 144
120 163
110 141
162 159
90 81
140 135
65 161
54 163
191 13
183 28
124 186
168 14
183 162
62 189
133 49
141 39
60 156
199 104
176 81
54 117
185 132
187 200
42 39
107 7
178 42
5 109
180 110
33 168
8 32
100 118
196 112
93 46
55 106
93 77
109 91
184 90
141 194
3 43
172 100
125 36
133 149
54 184
23 109
110 130
149 164
3 54
118 195
80 46
96 199
102 187
196 148
200 140
4 46
14 181
157 115
180 27
24 28
89 43
154 104
87 107
63 46
98 137
139 122
129 20
200 63
156 11
117 42
137 6
84 103
67 176
18 179
95 115
98 4
83 154
26 40
171 157
17 44
89 163
103 105
136 4
172 111
180 127
195 175
148 50
137 15
121 171
55 40
19 79
140 8
123 21
3 145
131 196
35 192
182 145
126 135
82 13
19 151
43 51
185 177
13 59
53 184
83 149
166 5
38 141
28 47
129 44
97 71
32 53
67 166
177 103
23 119
184 132
115 57
52 3
75 33
186 19
39 34
67 165
105 15
131 34
47 176
119 190
199 80
96 144
73 156
54 146
15 121
200 150
142 200
121 77
176 191
1 16
197 52
33 39
121 79
143 28
57 86
41 44
157 101
152 50
59 61
15 53
131 150
10 106
66 123
77 78
21 161
174 72
64 10
143 189
42 52
20 24
80 182
173 44
73 154
88 98
157 41
191 87
106 44
75 34
77 131
20 33
108 133
138 132
114 159
100 168
158 193
111 175
157 128
15 141
111 195
159 20
28 195
5 183
81 68
19 121
132 95
29 158
70 59
145 174
75 88
68 62
37 15
38 34
12 9
123 188
100 3
20 81
58 112
47 198
41 28
155 111
66 197
68 171
37 178
122 108
148 25
63 130
180 136
82 65
96 127
195 74
50 9
65 199
172 39
42 92
68 45
46 121
108 191
34 10
161 67
112 145
6 150
62 113
115 45
22 56
7 130
186 60
152 167
133 39
46 156
184 35
150 22
154 67
91 133
80 15
137 64
26 114
11 72
112 80
119 154
52 188
109 146
95 185
128 47
177 144
140 4
24 152
23 82
14 151
80 139
192 52
31 108
108 111
190 154
59 86
163 41
198 113
55 46
119 146
63 187
27 2
11 54
108 176
186 192
29 75
118 170
30 97
194 142
13 37
117 124
199 73
147 179
193 66
183 119
9 116
52 191
127 58
53 162
54 89
113 82
162 24
76 122
77 17
84 101
13 174
98 11
64 165
158 143
137 41
125 19
160 142
49 198
27 48
104 167
22 125
180 140
129 71
96 75
200 52
73 133
164 177
156 102
134 179
33 70
181 150
53 125
144 122
182 107
31 66
76 181
141 54
169 23
113 180
66 13
64 138
167 100
143 59
139 104
145 153
49 46
29 38
5 14
15 176
190 196
194 139
87 141
157 114
89 131
77 106
190 91
120 196
56 83
34 29
107 27
24 62
186 41
14 120
30 121
34 99
164 112
130 57
4 190
63 39
98 15
26 150
161 85
36 120
105 114
118 59
124 74
81 5
159 118
116 20
186 118
141 16
33 30
189 25
63 111
25 95
139 66
57 9
21 83
155 158
119 175
99 130
25 160
95 124
185 70
72 147
31 54
116 92
117 180
98 194
17 54
87 117
66 16
33 151
157 67
103 65
97 120
169 70
23 75
129 80
162 19
104 198
51 64
194 16
187 152
153 6
162 142
79 27
174 139
119 123
104 23
88 56
126 56
123 11
171 172
105 88
157 131
150 25
84 66
134 8
177 153
1 174
83 60
179 185
1 104
59 84
67 51
131 117
46 43
72 192
115 168
49 74
100 176
174 6
16 145
83 107
179 2
168 136
150 3
66 143
97 91
174 149
103 183
159 17
193 191
134 6
175 198
144 13
82 83
165 87
166 115
81 155
96 14
192 165
168 140
160 12
57 68
73 20
41 88
14 111
139 107
9 194
88 15
7 128
85 3
21 120
134 80
10 190
70 89
64 198
32 172
6 51
42 130
115 105
160 98
61 3
34 130
137 30
156 80
188 175
199 1
3 80
16 54
1 119
62 139
23 93
21 22
44 90
36 106
68 141
131 70
17 13
70 42
70 48
19 119
140 131
128 37
188 5
126 178
96 87
33 96
42 66
86 146
94 66
199 64
110 146
60 18
3 170
23 3
152 46
131 109
74 134
102 52
153 186
142 158
127 95
81 34
72 117
70 150
94 195
72 25
196 23
137 37
149 181
39 25
33 197
38 75
173 160
117 129
6 149
123 186
159 120
73 64
58 11
170 34
85 154
142 117
30 110
32 82
176 17
184 162
52 178
42 61
133 190
36 63
131 71
161 96
180 55
68 31
150 45
35 162
118 2
119 40
185 45
159 28
2 178
48 91
199 84
91 164
176 4
134 168
80 53
178 102
88 71
199 46
100 106
157 70
103 83
146 47
119 171
46 123
30 173
194 80
48 144
171 57
114 185
35 173
86 181
185 29
134 157
170 47
182 135
185 18
99 58
77 113
180 11
77 139
197 175
65 106
136 10
190 101
33 22
130 198
105 53
158 72
46 57
79 45
90 110
83 187
9 155
183 25
169 184
128 190
93 149
65 111
39 80
45 67
162 119
6 173
191 88
179 82
97 85
35 156
144 109
59 139
139 124
99 80
51 182
30 63
171 129
93 39
6 180
117 120
25 146
113 169
118 184
6 154
89 200
191 149
18 103
3 106
6 55
194 187
140 52
172 133
122 45
137 117
114 53
79 196
120 55
14 53
19 138
60 79
198 58
3 19
111 25
54 102
97 129
50 194
54 101
147 123
178 135
79 122
85 84
2 135
114 28
132 42
14 184
87 183
120 33
21 96
90 128
194 24
148 62
173 99
153 196
113 42
180 77
127 164
168 172
75 188
187 71
29 109
45 103
111 36
71 27
39 154
152 84
131 163
43 64
85 114
63 104
160 109
101 129
140 18
137 113
176 142
81 49
92 16
77 164
98 16
176 5
17 87
149 101
30 89
174 31
29 136
39 56
151 171
190 2
121 100
59 30
41 109
152 141
182 3
2 68
120 16
5 113
114 194
90 100
173 139
5 57
185 109
18 130
185 15
163 153
103 132
160 99
190 192
135 137
107 36
184 138
71 6
190 108
88 108
123 137
83 119
159 55
168 15
22 28
188 85
96 4
96 141
91 101
149 162
103 200
80 166
48 49
174 38
105 175
90 142
21 107
189 10
12 120
14 143
54 27
71 1
73 104
81 16
78 170
130 170
163 194
89 121
122 170
98 59
87 78
183 11
16 184
39 36
170 20
81 29
138 110
152 120
101 68
40 83
37 56
61 56
135 198
187 117
197 68
63 166
189 148
172 137
115 50
117 23
52 67
152 101
108 141
81 55
194 87
18 96
97 48
36 43
195 109
78 119
79 8
19 133
173 15
109 117
157 126
24 175
103 4
10 179
10 24
17 132
91 145
186 32
73 142
129 122
51 126
22 45
42 47
172 180
148 55
34 19
108 3
64 32
62 155
98 77
75 9
200 168
171 88
88 120
191 168
73 195
100 52
103 63
38 12
41 199
132 199
114 143
88 92
86 53
36 197
15 136
179 86
132 106
39 96
92 1
86 64
77 41
169 54
146 87
18 147
122 180
63 90
35 7
55 197
27 85
86 91
115 86
148 81
63 127
37 29
53 2
51 36
163 137
74 125
57 66
86 141
43 183
24 54
34 172
140 57
39 87
66 98
143 54
158 57
33 14
108 184
40 10
97 21
22 63
132 186
51 135
187 103
163 124
106 154
23 143
195 145
128 15
85 25
75 10
42 99
188 185
111 61
133 176
101 3
39 104
127 57
120 74
38 184
26 106
156 94
148 187
23 43
112 16
170 5
50 161
87 64
113 138
119 86
96 150
31 62
177 57
159 23
112 185
128 76
89 135
182 45
170 22
189 94
200 84
42 123
186 160
97 164
190 149
139 179
168 181
23 78
111 58
36 104
107 190
20 182
170 108
122 109
160 190
189 29
102 91
6 102
82 174
143 11
59 97
36 181
167 147
200 117
136 182
29 163
81 27
159 76
180 195
62 145
177 163
89 79
68 124
38 96
70 81
133 17
114 9
8 180
6 190
127 118
31 156
19 196
165 133
157 38
192 66
29 166
133 113
142 155
44 185
77 159
118 115
144 147
39 60
141 154
172 128
12 171
177 46
83 175
41 117
102 125
27 154
8 126
182 59
102 118
85 30
142 37
99 95
185 32
71 196
122 190
173 59
36 41
97 66
178 152
167 196
155 159
57 45
29 106
170 179
163 132
36 117
153 86
7 9
153 189
121 64
43 131
34 183
69 195
24 185
8 167
152 60
2 165
