600 2000
556 302
502 374
327 39
534 156
158 315
323 11
398 295
41 121
24 406
446 435
109 585
587 176
289 51
217 114
11 117
5 175
327 270
373 479
211 457
499 107
237 403
115 475
564 93
322 445
566 151
493 285
502 534
413 17
43 204
102 13
245 397
565 129
267 236
561 415
450 101
401 346
77 483
455 174
343 207
81 537
593 177
452 593
309 339
101 229
378 559
149 60
330 362
587 340
192 462
483 134
424 418
55 140
252 588
464 25
254 183
161 316
125 268
401 466
409 304
305 295
330 595
354 74
519 134
69 537
315 532
88 254
567 529
33 69
507 87
406 199
587 175
375 592
538 322
460 472
538 529
98 590
417 330
253 259
473 59
374 597
23 61
426 448
144 478
272 269
5 551
213 364
495 227
141 23
458 186
383 429
44 180
592 469
141 434
265 32
391 385
46 67
143 419
358 68
461 477
153 485
298 296
307 318
125 53
312 402
350 314
281 41
213 369
312 228
165 191
86 61
215 191
132 598
26 205
331 448
596 247
198 345
66 127
239 202
316 462
93 347
9 444
530 448
482 368
342 253
358 104
453 298
184 161
34 334
332 590
155 151
141 325
350 20
386 203
74 570
235 197
187 529
58 410
98 473
386 455
141 357
87 453
596 416
126 525
435 386
276 448
387 149
364 238
316 23
497 266
132 293
25 114
166 64
118 332
534 85
596 410
214 596
279 239
403 131
280 427
138 132
126 9
304 279
117 486
297 452
359 322
38 43
471 500
85 437
266 320
314 218
403 61
69 528
466 488
41 459
314 212
572 229
311 43
210 484
74 133
121 322
527 167
499 22
517 150
439 524
512 135
357 243
5 136
127 351
269 66
376 104
158 196
99 320
128 119
89 484
125 222
338 329
10 165
303 114
567 422
220 488
34 101
124 21
382 600
111 259
56 51
393 279
577 299
109 94
240 130
295 23
402 510
97 158
165 490
593 396
529 332
593 547
567 323
548 103
529 310
165 408
208 316
557 18
214 189
107 570
289 53
28 519
500 591
272 78
450 126
386 350
111 466
179 93
501 184
61 24
117 371
365 543
237 314
179 385
356 156
595 324
124 72
29 556
505 118
507 432
273 199
466 572
46 176
267 29
564 190
13 173
163 471
153 568
571 577
298 338
144 5
108 149
368 360
41 385
377 158
421 379
330 582
434 532
98 360
357 557
517 336
178 444
333 362
552 25
71 73
53 320
238 524
190 590
558 196
527 223
526 233
41 445
475 538
328 472
188 243
336 526
322 404
43 581
170 502
99 357
572 402
94 342
93 390
545 189
523 353
247 191
415 371
365 355
35 342
583 556
213 19
470 363
132 221
24 593
75 507
353 586
571 475
86 193
375 209
23 29
282 319
156 251
196 347
94 198
187 260
5 197
187 144
500 83
381 119
45 4
232 565
330 465
565 79
435 33
449 351
510 522
79 539
525 281
132 449
479 204
102 507
80 131
146 9
38 524
91 574
2 161
181 178
398 253
304 477
451 178
317 185
18 210
81 439
241 137
286 438
573 308
154 101
173 21
203 302
482 334
378 569
2 372
249 535
69 363
580 402
464 200
336 283
551 19
312 466
46 599
587 164
73 518
362 208
370 303
547 483
367 448
59 309
448 220
5 15
111 473
568 400
326 459
585 50
138 499
385 8
435 338
160 134
146 301
112 107
402 146
485 479
522 238
172 349
459 71
249 338
562 464
194 29
79 345
509 452
32 490
381 283
240 21
245 160
245 81
205 467
270 577
25 329
153 561
566 488
428 301
500 324
340 49
517 126
415 491
541 341
358 35
334 478
489 226
361 317
54 80
444 198
3 161
96 464
80 595
403 187
492 285
579 77
95 130
568 8
284 102
102 149
472 554
202 201
96 382
13 1
482 457
199 101
236 223
374 453
90 347
555 142
533 576
452 337
235 336
269 465
545 137
33 188
504 145
557 35
88 84
524 176
307 175
570 35
9 537
87 423
124 301
285 252
195 40
365 53
5 231
34 592
265 427
264 560
59 315
224 364
6 211
580 398
455 576
546 482
195 74
185 536
5 239
111 226
288 267
225 58
311 186
221 413
37 15
505 426
171 98
151 40
354 335
402 56
57 124
287 162
87 368
584 498
338 320
119 212
305 174
193 432
555 126
174 9
534 123
442 473
44 186
471 185
91 290
47 51
495 13
257 592
217 471
600 467
490 593
225 589
484 355
560 546
512 114
537 492
263 37
93 150
294 496
420 117
580 391
205 148
36 334
527 450
90 336
459 200
506 371
60 337
256 504
575 287
267 497
562 567
21 194
497 1
68 133
66 234
483 380
310 540
41 332
106 129
105 496
23 200
442 533
168 430
98 552
192 281
288 448
561 532
4 73
217 69
584 599
104 286
104 16
452 439
185 196
327 295
533 473
127 375
350 328
38 573
483 275
437 528
310 360
316 280
131 587
336 251
278 105
94 451
304 525
108 459
254 277
87 152
187 113
156 11
108 296
431 122
466 496
570 52
513 269
161 361
316 133
86 55
358 4
190 408
127 348
367 442
95 123
548 45
523 477
529 495
163 532
391 423
378 537
236 113
90 315
382 137
464 218
523 576
260 484
380 142
276 468
399 537
373 164
265 44
59 112
165 146
313 507
115 170
65 353
154 596
232 31
93 59
521 404
450 452
188 32
215 26
265 158
485 34
169 378
558 45
51 420
33 40
277 371
100 165
356 278
486 310
347 23
485 48
245 280
430 16
534 94
523 449
138 195
590 481
458 446
518 407
20 591
593 473
34 19
431 314
298 153
5 428
506 65
51 207
541 544
243 127
419 445
600 582
462 144
103 324
274 374
374 525
127 25
76 199
485 106
145 207
412 213
353 294
316 448
425 136
241 338
168 248
398 597
284 496
148 410
314 100
342 75
600 540
13 583
63 60
535 464
341 213
146 449
129 18
103 365
266 485
504 102
599 122
542 105
149 252
153 146
566 146
423 148
80 358
97 460
78 292
67 524
113 427
512 177
475 599
370 170
325 102
1 71
566 375
48 381
8 579
98 189
263 170
200 474
366 455
241 312
581 340
356 77
98 498
450 211
85 370
352 391
600 25
102 541
316 363
439 83
519 168
406 383
98 277
13 79
106 125
517 112
516 226
16 552
26 227
258 390
129 225
214 90
463 402
27 174
426 28
135 279
423 48
351 100
96 67
388 134
252 208
253 12
528 311
471 506
353 310
587 529
208 288
137 84
292 507
261 551
200 278
264 256
384 334
468 127
354 414
535 136
222 238
560 191
465 540
186 537
548 444
396 436
24 183
401 152
296 555
587 61
196 72
475 515
482 172
239 147
565 191
254 89
214 197
151 405
163 173
513 258
415 60
477 289
212 374
156 111
246 508
201 483
104 98
574 208
476 475
47 48
17 32
584 581
437 257
354 506
318 328
526 179
119 287
481 123
151 10
242 520
57 325
401 416
548 205
274 114
358 40
102 156
367 153
563 508
5 184
413 441
526 286
580 346
439 16
257 230
77 32
471 164
529 361
412 395
87 310
330 422
504 575
496 483
321 482
110 220
194 467
438 209
518 22
331 283
449 288
284 7
234 324
284 329
202 211
437 205
516 193
566 279
469 543
520 545
175 179
130 349
146 12
156 416
403 205
131 278
159 143
67 87
266 463
173 302
556 144
462 325
45 46
7 50
288 248
396 237
337 168
212 347
177 44
535 339
467 321
176 442
180 474
556 466
461 267
226 132
329 433
474 324
386 485
462 514
407 53
136 381
170 415
346 248
115 415
228 161
174 60
424 374
85 7
456 188
15 143
396 325
274 158
231 254
70 101
594 308
375 90
255 115
507 540
421 594
255 414
142 588
353 503
234 305
590 504
445 266
264 422
475 536
507 4
376 146
558 553
516 311
453 70
14 86
441 393
84 141
321 569
456 457
278 489
519 532
167 38
146 451
16 368
144 252
38 263
328 165
487 412
586 41
163 494
406 106
214 316
216 105
278 353
214 14
293 237
50 334
187 360
212 437
518 226
243 585
572 311
379 396
415 41
152 386
417 536
201 99
559 413
282 187
535 399
8 288
17 355
143 488
494 170
278 357
515 346
575 101
112 37
388 580
29 50
384 73
300 295
257 516
336 398
168 47
209 138
377 196
115 487
368 436
136 563
432 245
99 57
356 336
447 344
33 382
28 266
119 280
127 134
121 97
55 208
177 502
534 185
77 204
542 92
21 67
72 565
157 80
471 36
104 99
330 477
491 442
392 566
528 390
73 593
442 580
258 384
122 389
482 343
487 230
515 64
251 254
562 161
416 353
172 390
467 128
425 135
377 502
416 76
263 88
540 36
89 88
3 264
350 108
578 453
430 214
90 165
398 54
178 389
276 504
120 444
233 534
539 213
63 595
522 548
549 251
371 219
55 38
285 71
360 304
445 260
569 382
445 243
340 469
224 597
276 529
225 541
204 450
447 68
10 546
558 579
287 97
521 355
435 409
529 197
128 561
538 522
176 224
248 106
145 48
173 70
55 304
109 34
66 441
88 28
161 558
462 56
566 539
573 324
566 326
458 268
227 326
57 376
506 446
554 154
495 546
222 343
35 307
363 321
68 586
438 583
581 223
226 73
91 268
525 319
144 82
117 57
505 202
461 367
455 509
125 189
84 104
18 42
391 113
272 177
208 317
402 270
439 79
61 249
111 142
294 460
380 163
363 41
287 129
248 116
286 460
231 406
505 72
448 599
332 159
209 46
154 267
37 348
128 180
15 175
133 511
268 164
568 125
506 589
238 27
354 318
547 404
323 108
391 419
509 137
95 103
541 582
488 561
591 334
521 341
370 438
119 279
322 37
71 331
439 478
523 339
219 209
341 584
277 323
45 468
57 575
154 233
31 269
68 457
109 13
420 392
317 158
241 485
302 454
260 452
58 308
528 264
266 67
390 289
536 344
190 184
495 351
213 493
382 375
530 62
530 470
592 417
398 532
410 198
67 98
596 52
277 212
21 334
418 185
514 569
479 295
50 414
29 503
303 396
202 445
33 386
443 190
227 174
380 83
530 37
238 371
117 333
410 143
234 142
509 182
367 210
148 299
213 600
380 187
469 564
203 591
29 63
495 103
360 110
451 374
496 516
519 404
178 556
449 456
473 36
368 450
486 17
222 267
177 464
142 213
222 310
45 582
29 555
29 590
146 147
590 259
413 136
52 216
468 186
28 107
196 220
452 556
150 414
552 99
73 323
105 362
206 253
78 260
74 592
276 208
195 405
553 50
433 544
302 534
176 401
85 273
515 149
573 34
9 189
221 246
474 19
465 518
568 217
578 484
328 485
44 564
509 165
538 149
286 538
197 103
10 194
400 116
237 308
42 528
294 236
103 491
353 116
69 431
393 230
69 48
594 505
21 110
183 494
32 424
254 221
365 23
396 233
246 514
303 260
37 593
492 488
152 69
522 552
161 286
244 332
504 109
343 454
386 525
374 35
500 510
446 227
77 78
39 502
165 160
424 242
246 293
549 525
441 108
94 583
548 242
169 220
13 357
553 437
578 585
526 40
393 466
498 319
81 463
486 559
536 352
308 82
451 161
298 138
209 264
297 469
32 318
482 446
349 224
75 343
346 237
34 378
391 347
450 371
555 327
64 351
567 342
251 61
290 355
412 181
153 452
124 412
579 428
25 253
276 559
47 29
225 423
182 382
424 421
214 390
501 110
117 168
497 40
297 241
437 527
248 237
211 310
91 538
67 274
171 72
214 365
528 124
598 278
501 299
263 320
366 377
21 223
389 200
533 208
170 359
182 593
510 280
347 255
237 81
441 292
263 383
162 91
44 324
269 78
408 281
145 520
218 369
184 246
26 496
264 95
264 8
205 134
560 506
214 399
473 72
123 552
34 531
267 238
239 472
573 448
583 568
483 323
119 65
149 82
456 543
597 491
264 316
229 39
51 6
101 21
261 552
385 549
450 590
587 527
506 22
78 534
123 276
565 247
363 173
46 414
360 551
358 510
419 37
370 368
404 41
569 339
477 500
313 257
556 279
552 547
208 67
455 102
219 581
6 374
157 142
499 47
53 204
517 361
524 247
503 520
44 157
89 287
107 109
436 508
400 272
483 183
551 276
352 46
235 525
451 74
150 395
177 567
9 504
227 149
304 535
177 589
269 456
596 589
257 7
300 222
111 385
582 453
90 94
16 481
235 190
337 487
91 62
480 349
493 81
474 359
160 72
452 494
577 34
28 68
305 249
150 218
269 32
495 71
495 505
545 217
134 191
450 45
313 529
27 351
381 162
93 166
199 57
467 501
505 149
492 436
54 488
88 446
27 585
275 246
181 199
570 402
467 260
364 527
139 486
341 590
52 32
322 282
276 503
453 363
28 199
188 5
451 545
444 167
155 70
302 74
41 523
459 155
202 518
184 584
128 255
257 424
143 342
250 203
462 265
182 292
58 592
178 128
170 35
142 290
359 156
144 258
542 306
178 438
230 341
582 86
130 452
106 112
341 228
364 586
583 400
296 212
225 46
105 297
168 218
169 218
217 551
536 308
252 404
385 507
68 416
521 129
428 299
600 441
563 13
427 554
271 90
384 397
19 494
308 253
554 8
218 195
138 561
544 303
169 85
42 304
326 594
291 284
65 594
415 71
363 221
365 194
289 432
594 283
258 294
200 532
38 149
329 185
494 148
270 178
528 337
201 295
20 57
444 335
143 191
162 337
571 492
369 594
167 183
478 346
353 592
396 238
479 107
442 587
254 249
532 292
139 327
363 216
365 14
567 377
250 371
29 213
11 200
405 597
16 167
308 22
171 250
462 391
157 315
566 296
353 176
90 234
373 232
41 278
415 14
315 215
108 340
419 439
327 449
300 414
96 541
495 153
465 527
69 584
577 319
596 417
575 81
531 349
249 219
260 506
170 556
145 599
576 268
8 69
143 361
518 103
166 168
44 270
346 186
554 530
261 102
432 591
5 556
121 385
481 388
41 425
355 297
296 155
464 323
448 496
127 171
149 238
359 285
276 88
509 217
4 124
185 242
425 480
296 584
513 40
419 492
138 545
384 291
580 352
222 494
96 213
524 555
339 303
31 301
492 553
471 275
492 442
278 335
87 77
350 58
298 192
575 341
94 110
502 432
41 140
527 488
40 237
89 413
205 125
258 76
530 203
491 280
121 342
260 529
489 383
551 140
326 367
96 289
198 421
119 469
569 521
242 430
509 142
543 600
77 318
266 286
492 80
119 122
452 227
14 100
132 432
376 235
309 200
488 397
10 179
391 248
309 325
112 142
258 65
181 96
308 296
573 317
324 104
464 24
24 550
571 197
324 372
120 526
251 282
310 440
178 23
5 487
281 542
383 422
311 178
481 341
21 214
87 120
30 433
313 448
133 541
223 438
114 521
450 594
238 529
499 459
2 200
424 84
479 342
453 289
591 118
61 104
436 354
72 70
39 123
108 13
421 30
71 228
166 17
5 54
562 138
541 555
308 378
106 335
245 73
447 305
27 599
532 485
577 400
449 139
565 22
554 431
150 159
371 241
524 438
436 375
438 212
519 226
198 162
101 593
435 288
57 428
138 206
207 469
346 474
179 229
572 123
18 190
222 292
583 363
339 476
408 570
304 472
519 477
74 539
524 16
420 312
159 389
561 235
330 591
221 91
195 67
314 568
287 513
270 305
492 481
549 503
280 187
137 145
309 75
202 192
368 158
415 572
450 55
157 407
192 268
485 473
289 445
589 51
342 286
584 251
311 113
536 171
79 593
300 406
327 570
435 587
43 423
15 254
163 561
169 295
169 519
268 444
84 403
509 416
343 177
378 284
127 157
7 168
243 223
201 507
159 248
285 325
169 173
375 15
513 362
367 562
329 267
27 396
463 194
514 67
570 92
554 40
245 496
517 249
506 572
224 542
228 428
353 7
83 294
262 277
150 121
420 528
43 515
224 193
128 96
479 153
23 434
529 23
489 80
544 497
431 137
155 52
597 80
365 440
386 476
100 268
379 473
157 162
283 161
53 351
62 555
213 538
53 339
33 134
580 340
177 5
595 567
547 519
281 302
33 78
261 302
504 336
452 359
382 134
80 452
218 339
266 4
137 127
15 403
465 208
170 66
156 509
546 121
411 236
139 494
600 346
185 266
391 110
167 311
243 349
255 550
321 527
455 458
520 357
20 210
368 596
98 64
468 244
404 559
573 248
172 562
481 169
435 229
520 153
557 539
218 499
453 193
568 560
33 141
144 488
95 472
148 542
376 139
55 78
354 262
438 156
409 61
553 239
171 298
266 264
121 345
439 389
451 293
324 310
277 449
348 310
388 506
36 455
236 582
446 417
328 556
244 473
519 189
374 583
439 591
113 124
157 153
452 441
113 375
433 392
493 315
135 478
528 113
572 349
336 499
142 334
554 555
598 322
57 257
100 13
190 289
118 397
89 195
238 60
180 444
421 190
69 470
10 175
183 315
229 121
483 392
191 175
228 439
422 543
446 556
547 576
431 412
249 45
448 507
254 267
470 347
435 586
589 201
104 426
527 174
460 572
265 43
105 3
192 590
522 408
102 229
70 99
48 3
456 113
39 467
521 401
86 189
280 255
72 267
158 418
171 334
361 141
116 467
491 448
229 578
52 547
81 364
560 197
534 15
88 24
69 279
187 358
95 108
588 219
550 366
541 473
28 179
212 477
255 340
209 317
121 389
213 192
371 370
560 343
150 549
508 575
164 4
232 339
385 107
355 144
400 80
487 561
466 357
93 312
216 434
209 600
269 421
30 235
133 152
313 569
538 442
313 553
242 134
538 57
478 245
372 323
386 387
482 54
521 97
113 29
362 332
339 60
145 54
8 61
74 287
386 339
316 596
407 329
430 11
33 426
547 224
35 273
387 479
35 562
307 431
14 120
36 175
123 98
135 96
419 561
15 372
232 591
92 117
276 373
425 181
548 21
218 32
82 488
489 88
85 364
500 8
24 106
269 40
576 583
200 522
220 95
508 589
354 143
28 379
369 412
295 101
