1000 2000
677 124
54 562
711 167
672 402
703 312
748 393
561 403
446 953
276 676
758 372
394 882
35 856
926 706
928 397
868 242
566 995
440 230
190 256
615 744
738 740
9 226
763 940
807 692
336 725
941 920
253 407
396 704
107 185
421 768
832 932
292 145
375 738
509 178
156 822
671 298
618 228
262 351
570 859
437 687
328 22
981 982
806 339
761 221
386 932
653 974
113 231
725 653
455 204
468 126
474 796
674 955
391 759
283 666
439 563
511 751
470 369
445 564
329 439
905 154
999 955
836 715
311 442
55 546
64 700
460 685
345 86
768 510
395 14
501 803
748 728
596 258
791 573
800 655
300 318
444 946
920 271
453 182
127 850
288 596
440 434
9 162
351 593
906 36
776 556
291 951
388 215
4 434
563 821
996 451
265 897
374 43
466 269
30 411
270 114
412 543
424 743
387 669
712 377
859 862
220 355
237 40
592 161
981 114
150 254
813 263
53 999
561 524
538 600
983 543
126 830
326 264
923 782
110 457
108 354
257 40
667 254
205 531
438 123
55 145
527 34
52 598
57 548
948 726
325 701
517 160
69 793
458 437
57 127
219 86
385 392
107 908
763 186
688 951
968 358
247 571
694 656
739 935
538 834
69 606
130 600
694 878
485 532
957 643
727 703
561 997
609 572
588 767
7 633
428 112
546 163
16 932
390 758
625 106
934 459
151 970
678 706
77 570
269 761
518 679
454 237
733 336
566 413
939 725
582 287
599 223
717 682
991 609
183 579
786 575
270 624
143 418
998 481
795 620
263 568
616 542
791 890
994 210
783 233
172 354
865 63
773 800
483 228
63 316
440 4
177 381
273 569
325 870
351 777
848 887
571 471
17 860
655 682
760 40
146 798
122 805
515 196
565 937
333 548
608 113
523 879
63 69
757 762
39 188
800 845
710 197
301 541
582 654
891 615
223 47
192 311
650 513
513 116
939 336
964 707
967 652
325 590
341 831
616 14
843 605
612 685
726 61
483 322
503 996
685 138
935 61
926 512
116 806
197 402
522 220
642 958
120 463
5 607
494 722
862 905
806 378
437 973
952 550
55 401
828 276
598 227
284 712
416 241
575 662
78 654
227 826
575 30
591 448
401 490
436 285
525 288
600 907
465 601
694 374
707 795
284 85
340 301
437 766
859 905
309 598
79 49
124 82
460 335
207 923
282 604
724 538
214 428
717 845
904 500
640 10
203 486
622 243
908 796
210 349
691 47
703 405
382 62
401 292
128 578
995 697
197 830
431 427
291 463
120 529
677 580
960 225
131 270
804 906
865 316
800 682
89 143
473 638
440 94
833 33
273 892
288 857
158 698
382 475
785 356
113 804
978 474
920 366
226 988
374 45
210 950
330 52
571 848
956 294
667 150
495 668
489 737
947 363
6 512
372 390
698 633
141 852
408 829
495 967
569 306
285 332
802 259
209 754
899 136
392 93
943 66
368 790
526 531
650 483
866 81
912 720
419 928
143 69
314 866
981 251
898 4
565 614
941 201
255 664
19 576
842 469
283 55
652 70
134 767
868 309
73 26
362 760
120 488
571 87
405 128
421 6
853 873
38 987
647 629
533 4
458 407
485 934
813 206
782 584
429 119
532 505
279 588
891 11
882 929
842 884
378 146
513 344
329 563
593 306
431 801
294 148
765 545
290 792
402 468
847 406
338 817
809 620
92 430
118 4
389 252
161 395
766 407
6 452
398 363
745 104
270 268
539 592
236 838
449 39
158 7
881 896
233 457
645 555
316 992
268 581
759 586
763 637
623 909
350 261
964 109
805 806
544 387
983 412
317 336
880 845
729 461
444 360
731 494
154 862
137 351
707 617
670 677
156 650
23 101
715 11
318 496
206 263
240 100
638 491
685 590
837 224
566 642
360 376
829 558
220 610
121 94
904 234
328 587
552 602
855 663
797 427
822 136
747 37
505 353
386 16
439 787
703 471
734 751
507 983
759 588
376 242
747 272
474 894
146 122
335 643
60 349
468 830
576 899
809 795
211 220
519 726
223 119
965 610
551 178
211 101
637 710
797 540
742 401
770 294
636 679
316 341
817 503
119 383
205 27
717 880
549 61
884 469
996 165
262 306
181 814
745 654
585 588
431 255
395 616
612 335
833 123
245 52
94 434
684 999
506 145
627 748
334 321
450 587
663 517
404 470
828 524
807 778
123 448
849 243
720 206
305 312
78 536
343 712
863 680
567 576
555 763
191 996
746 912
987 234
304 643
497 116
511 734
54 5
816 366
891 963
517 735
714 468
350 680
20 188
515 788
108 535
862 46
322 899
856 390
295 890
371 953
962 207
757 173
593 777
214 112
61 577
532 934
656 673
561 828
110 767
946 659
987 51
786 411
79 914
87 471
149 186
221 751
463 951
226 93
633 158
886 804
981 77
853 556
295 34
958 995
949 778
644 210
559 551
420 10
390 35
683 744
341 992
114 357
684 882
156 289
562 5
612 409
433 807
414 729
379 533
346 67
421 82
247 471
950 349
582 410
275 528
64 579
234 731
625 634
297 239
965 220
897 102
264 56
562 245
888 568
77 859
774 332
768 452
976 195
433 479
224 876
307 568
710 462
900 354
133 250
229 618
756 417
309 376
292 490
947 509
740 314
593 769
152 818
563 723
110 783
236 386
820 80
729 346
697 938
323 687
686 823
551 626
22 708
614 638
151 80
620 426
417 798
248 812
578 194
662 79
157 75
883 451
235 761
550 135
312 471
905 501
791 295
315 653
984 156
673 498
69 675
84 912
645 149
957 590
129 607
976 441
474 603
266 504
568 955
566 504
590 554
853 601
216 272
779 360
22 587
352 26
489 381
114 24
670 819
200 511
482 402
176 714
97 404
223 691
694 336
245 358
160 444
376 709
445 629
556 259
644 994
239 695
722 84
955 263
1000 285
639 650
464 609
437 188
822 576
57 273
699 924
5 904
932 15
447 425
85 343
520 161
875 349
773 622
343 284
601 302
133 12
232 434
7 649
451 220
104 876
176 126
512 452
782 484
592 923
867 776
753 805
9 173
36 886
265 797
817 191
654 781
272 349
149 959
115 710
791 918
131 842
543 301
48 256
139 29
248 174
701 824
501 862
72 397
577 716
452 915
731 987
352 7
579 866
669 133
873 465
530 816
37 472
646 395
226 173
785 368
639 322
445 382
141 712
509 398
933 421
920 614
991 572
442 157
519 410
467 123
643 590
622 800
46 859
144 426
860 529
864 360
893 135
433 110
239 307
324 691
610 883
151 820
817 610
360 659
925 917
938 993
841 341
376 444
472 747
903 172
866 738
264 32
998 776
429 135
787 945
74 723
734 466
342 677
14 280
577 740
339 378
335 554
160 299
428 166
404 236
487 808
77 818
600 724
953 26
691 713
829 180
577 314
485 810
189 701
675 347
690 126
203 748
347 89
169 959
311 75
218 998
80 668
464 313
495 26
384 474
265 540
759 692
818 331
808 729
735 855
588 433
675 793
637 518
516 819
11 615
807 759
453 150
361 459
295 13
447 394
274 389
896 294
679 637
372 35
606 63
983 75
207 142
228 990
269 235
242 709
879 707
860 951
222 209
718 750
451 610
706 938
351 225
775 591
224 400
223 713
221 734
845 919
261 292
522 23
969 268
560 860
459 715
84 987
812 670
931 321
112 666
786 195
274 252
71 155
917 706
420 847
440 219
252 602
24 270
718 669
504 972
859 818
234 42
656 43
715 891
536 654
504 925
944 786
753 378
417 257
562 129
420 83
811 925
501 956
930 314
346 529
340 543
616 646
405 312
582 726
171 647
853 259
458 973
739 61
155 958
515 126
168 487
906 133
725 310
260 620
563 787
472 723
486 243
728 486
702 688
87 869
211 522
822 899
37 794
211 355
101 867
265 102
406 260
131 268
242 598
190 48
332 626
222 754
77 862
910 931
936 964
157 92
144 406
910 702
172 574
465 18
602 303
209 609
314 375
654 876
482 197
812 846
893 130
107 10
752 301
601 422
574 535
520 290
352 953
410 726
959 763
204 855
919 29
506 55
902 24
62 647
242 360
669 750
57 333
585 433
696 356
139 487
930 740
10 83
389 667
309 242
423 35
906 755
347 833
409 625
255 182
959 940
627 521
786 159
845 872
274 478
374 296
625 612
521 240
225 749
99 520
93 385
142 782
117 362
492 11
210 60
93 724
994 222
888 955
430 732
714 16
837 258
211 610
757 9
558 180
391 778
630 161
677 373
512 917
928 72
348 366
262 835
615 942
283 145
37 318
854 14
960 961
627 189
245 553
222 609
580 124
16 832
179 791
56 326
61 410
631 64
226 986
829 656
568 206
510 6
66 327
372 396
22 626
493 343
193 197
941 937
337 728
604 383
573 441
91 960
150 182
491 920
504 697
181 552
689 93
589 345
221 466
210 222
558 498
970 668
239 416
878 45
626 587
990 513
495 371
212 236
591 438
711 683
791 976
614 201
994 889
285 551
689 435
377 343
366 473
487 29
551 436
743 205
471 727
171 725
515 714
308 579
449 485
936 334
748 486
322 650
958 545
539 923
430 157
297 684
314 738
284 215
140 209
250 909
944 411
954 288
457 966
428 666
852 712
451 338
255 797
325 304
706 452
15 386
258 745
165 787
48 32
13 890
991 464
924 396
974 171
969 842
895 947
19 276
128 789
347 591
489 558
223 324
790 625
95 562
597 463
621 848
62 475
638 530
10 847
911 751
181 274
764 449
389 254
213 397
97 212
964 321
643 325
430 96
921 989
537 841
596 224
941 574
942 891
444 659
278 290
717 277
107 474
117 760
804 608
62 445
619 301
440 232
160 204
790 785
182 431
384 894
439 472
172 565
387 693
425 882
783 966
478 252
531 804
318 272
732 96
64 425
457 767
47 604
647 315
852 555
476 910
873 601
498 374
207 782
752 921
439 198
117 40
132 633
696 785
418 675
394 416
9 854
82 199
633 816
86 913
724 834
839 124
857 264
75 192
370 947
740 935
533 50
912 494
922 158
422 853
80 164
741 466
968 52
994 349
653 445
130 550
367 931
802 556
741 221
924 372
239 684
657 598
771 165
573 976
991 313
734 911
254 252
934 810
552 814
469 87
145 742
670 516
225 851
412 301
240 701
936 321
287 536
271 614
743 531
146 417
28 530
696 205
147 182
877 324
915 512
689 392
533 286
529 605
87 848
947 213
470 212
68 577
340 971
857 596
740 716
160 659
968 562
451 817
227 52
733 45
841 275
648 667
552 680
352 686
857 721
750 909
504 995
281 29
905 803
464 841
64 394
848 469
178 359
715 492
657 309
618 378
443 86
346 843
164 151
618 116
321 910
204 517
190 264
780 828
938 925
927 744
80 448
647 653
933 82
489 829
77 152
535 172
391 561
189 824
772 976
776 101
931 702
686 26
575 79
103 684
138 612
35 430
818 981
248 112
495 652
273 262
855 105
796 384
382 545
710 679
689 538
433 767
113 205
382 155
188 407
212 511
219 121
480 372
290 616
88 979
852 343
920 638
994 209
680 292
700 579
756 237
8 947
924 704
171 939
178 363
31 88
24 251
421 580
960 749
48 56
307 674
896 770
895 363
780 997
687 458
690 468
833 143
567 822
306 273
142 85
396 480
116 228
195 411
560 529
826 598
39 885
14 542
879 617
390 96
820 980
163 283
300 272
777 225
513 228
779 444
552 350
431 265
211 784
36 804
828 391
711 615
691 86
760 943
550 604
860 120
115 679
917 938
551 332
652 953
134 110
218 776
318 747
129 234
445 647
290 161
923 962
111 958
67 843
466 761
652 151
694 296
507 412
574 565
909 906
511 369
810 660
391 403
691 877
389 125
924 855
982 251
450 626
187 698
530 698
662 465
36 909
768 82
611 215
253 505
854 616
899 984
681 578
382 765
428 546
25 757
671 248
60 216
87 621
185 420
79 465
600 844
509 359
743 696
854 762
336 45
409 685
863 552
553 52
750 12
124 670
873 18
58 983
671 112
402 830
181 44
756 534
345 219
42 904
388 85
456 236
230 94
215 85
628 384
875 60
882 241
8 363
555 712
155 111
961 730
966 190
830 651
350 292
132 698
47 184
110 249
322 156
11 459
446 26
123 591
760 770
320 550
919 717
155 545
586 778
251 114
254 648
604 119
238 228
75 412
505 635
682 845
318 60
342 124
756 293
432 939
871 503
914 575
699 663
614 941
464 528
213 419
133 750
248 819
896 170
966 153
668 151
204 499
703 571
208 131
37 916
988 173
945 165
696 790
290 395
34 744
752 88
34 890
960 3
7 922
815 150
70 668
405 305
603 628
443 324
998 101
131 581
25 9
503 165
333 569
981 331
227 309
59 6
840 397
723 198
257 237
404 212
680 181
905 956
284 493
702 76
470 511
165 563
936 931
266 995
602 181
912 206
996 817
384 603
364 820
203 595
705 350
65 243
267 412
345 94
353 449
964 879
530 348
143 675
325 189
24 624
641 237
39 505
113 36
20 253
387 265
224 258
55 658
126 714
571 869
635 39
514 284
288 224
843 529
833 775
879 795
721 56
263 985
879 620
472 916
406 795
257 534
734 380
79 411
286 687
387 102
711 891
743 785
600 135
738 81
615 167
662 49
384 578
130 135
816 28
274 602
778 561
781 745
299 659
520 630
160 455
275 537
434 898
69 316
912 263
989 88
463 702
503 771
36 755
822 276
568 985
502 22
113 531
390 396
392 226
215 142
275 464
902 114
133 909
407 861
409 790
502 708
730 749
810 715
596 954
797 102
82 580
88 269
750 387
844 130
652 668
140 609
494 84
626 774
662 873
934 660
90 956
171 310
316 841
203 243
489 177
904 987
840 177
249 457
285 509
432 725
583 158
662 594
682 622
956 896
366 530
497 618
927 34
596 400
527 295
900 961
373 670
636 402
847 399
16 515
901 650
956 881
910 632
177 558
749 354
737 558
171 653
631 700
835 593
923 520
505 449
569 57
717 487
354 535
925 697
590 335
11 963
533 458
454 257
330 227
295 744
378 805
861 188
66 760
622 203
601 259
854 280
48 966
394 425
890 573
477 466
311 430
41 853
386 404
268 469
456 404
509 363
936 707
820 123
783 457
532 449
21 258
536 582
208 270
538 907
808 346
177 397
262 1
895 370
406 426
501 90
112 298
253 188
723 37
406 620
103 416
259 998
253 885
426 399
227 245
48 264
453 255
184 119
288 56
919 487
806 618
961 749
663 396
361 810
522 784
929 394
796 420
795 523
700 866
702 476
917 858
99 592
499 517
1000 178
838 386
688 463
414 346
975 768
700 425
352 73
569 2
50 286
703 246
833 591
855 517
215 782
723 439
389 365
162 173
332 559
941 565
679 959
538 130
59 452
846 819
531 231
520 592
594 465
483 901
665 248
146 756
324 86
919 168
989 340
428 671
426 847
752 989
997 676
576 997
244 84
51 234
522 101
637 169
34 711
619 340
283 546
109 936
724 689
503 787
989 31
896 501
952 135
496 747
695 999
429 282
848 842
731 38
194 128
910 688
632 931
486 595
871 996
745 876
701 870
968 95
759 778
544 102
593 262
495 953
415 470
514 85
294 170
724 435
797 431
989 269
187 816
172 217
799 934
205 526
106 409
410 549
483 344
825 964
999 307
459 836
777 137
701 643
532 557
831 841
47 119
677 819
583 633
736 565
976 786
157 96
576 276
175 190
966 175
785 625
975 421
127 547
335 685
736 574
812 819
641 40
675 63
693 669
756 257
728 240
437 407
684 416
254 125
731 84
807 279
783 153
508 689
251 818
812 671
895 661
147 453
697 811
705 680
293 417
426 10
895 213
708 127
575 411
107 420
311 157
155 566
161 278
17 120
333 127
847 640
131 24
229 806
746 494
816 698
429 604
149 763
882 416
461 808
364 80
219 589
392 986
467 448
613 569
267 543
829 498
354 961
255 801
788 16
45 939
726 536
904 129
40 874
397 489
195 772
800 243
453 667
202 150
935 577
207 584
468 651
177 928
761 88
206 494
827 64
658 283
665 671
307 53
178 285
808 29
434 286
448 980
470 751
830 672
636 710
472 74
682 872
991 275
839 580
128 312
27 743
259 41
792 395
587 708
745 536
545 62
102 669
33 347
57 2
805 417
68 935
588 807
573 918
225 3
127 22
45 694
799 485
306 1
273 613
240 189
484 142
100 189
149 555
195 159
928 895
143 347
770 327
681 603
145 401
350 401
204 659
213 928
744 711
392 173
728 393
193 636
525 857
972 697
483 513
547 708
212 415
183 866
340 752
899 156
810 459
747 794
663 924
345 324
148 770
195 573
978 796
56 857
200 751
858 938
429 550
98 666
757 14
96 35
239 999
308 700
253 39
995 413
535 217
488 951
129 500
365 252
876 21
281 808
887 469
380 221
998 556
955 307
997 276
696 424
289 322
512 706
294 66
535 961
448 820
850 333
566 958
269 979
275 341
667 202
65 622
827 425
637 959
729 29
321 367
729 843
272 60
498 408
319 852
251 357
453 815
320 429
107 796
686 158
341 63
948 582
319 555
546 98
656 498
129 5
423 96
636 197
462 636
983 311
971 752
687 533
968 245
142 611
719 748
128 603
286 118
688 76
333 708
546 666
557 485
44 602
286 4
913 345
951 120
486 719
409 977
146 805
149 852
777 960
94 219
522 776
627 240
579 738
117 237
410 935
222 889
656 374
757 854
687 379
306 892
117 874
925 993
116 238
277 919
787 821
545 71
190 783
312 246
638 366
939 317
767 479
481 556
543 541
351 769
666 166
91 749
991 209
515 932
663 105
199 580
860 843
825 707
768 6
761 477
578 405
790 634
903 574
592 207
323 458
686 7
182 664
849 203
236 932
823 352
391 949
302 873
968 5
714 196
678 917
649 686
405 789
179 890
623 906
213 661
828 997
244 731
62 564
688 597
337 627
587 332
627 728
58 75
599 47
174 812
66 117
977 612
842 268
578 603
764 532
876 258
93 508
770 66
274 303
376 864
777 851
